1;треугольник    ;1;   38.5830;   10.9168;   14.1372;   14.1372;1;2;3;
2;четырехугольник;2;   77.2169;   16.9874;   18.1822;   18.1822;1;2;15;14;
3;треугольник    ;1;   38.5830;   10.9168;   14.1372;   14.1372;1;3;4;
4;четырехугольник;2;   76.6812;   17.3921;   17.6359;   17.6359;1;4;22;14;
5;четырехугольник;3;   43.8044;   22.6498;    7.7359;    7.7359;2;15;24;23;
6;четырехугольник;4;   76.4638;   18.5441;   16.4934;   16.4934;2;23;13;3;
7;четырехугольник;4;   76.4638;   18.5441;   16.4934;   16.4934;3;4;27;13;
8;четырехугольник;3;   45.3236;   21.8894;    8.2823;    8.2823;4;22;28;27;
9;треугольник    ;1;   38.5830;   10.9168;   14.1372;   14.1372;5;6;7;
10;четырехугольник;2;   76.6812;   17.3921;   17.6359;   17.6359;5;7;20;21;
11;четырехугольник;3;   45.3236;   21.8894;    8.2823;    8.2823;5;21;28;27;
12;четырехугольник;4;   76.4638;   18.5441;   16.4934;   16.4934;5;27;13;6;
13;треугольник    ;1;   38.5830;   10.9168;   14.1372;   14.1372;6;7;8;
14;четырехугольник;4;   76.4638;   18.5441;   16.4934;   16.4934;6;8;25;13;
15;четырехугольник;2;   74.3596;   16.9983;   17.4981;   17.4981;7;8;19;20;
16;четырехугольник;3;   40.4656;   19.2235;    8.4200;    8.4200;8;19;26;25;
17;треугольник    ;1;   38.5830;   10.9168;   14.1372;   14.1372;9;10;11;
18;четырехугольник;2;   65.3417;   14.3967;   18.1547;   18.1547;9;11;17;16;
19;четырехугольник;3;   40.7381;   20.9897;    7.7634;    7.7634;9;16;24;23;
20;четырехугольник;4;   76.4638;   18.5441;   16.4934;   16.4934;9;23;13;10;
21;треугольник    ;1;   38.5830;   10.9168;   14.1372;   14.1372;10;11;12;
22;четырехугольник;4;   76.4638;   18.5441;   16.4934;   16.4934;10;12;25;13;
23;четырехугольник;2;   65.3417;   14.3967;   18.1547;   18.1547;11;12;18;17;
24;четырехугольник;3;   41.2403;   21.2485;    7.7634;    7.7634;12;18;26;25;
