1;треугольник    ;1;   26.9290;    6.6149;   16.2839;   16.2839;1;2;3;
2;треугольник    ;1;   26.9290;    6.6149;   16.2839;   16.2839;1;2;7;
3;треугольник    ;1;   26.9290;    6.6149;   16.2839;   16.2839;1;3;4;
4;треугольник    ;1;   26.9290;    6.6149;   16.2839;   16.2839;1;4;5;
5;треугольник    ;1;   26.9290;    6.6149;   16.2839;   16.2839;1;5;6;
6;треугольник    ;1;   26.9290;    6.6149;   16.2839;   16.2839;1;6;7;
7;треугольник    ;2;   37.8722;   10.5979;   14.2942;   14.2942;2;3;9;
8;треугольник    ;2;   37.8722;   10.5979;   14.2942;   14.2942;2;7;19;
9;треугольник    ;2;   37.8722;   10.5979;   14.2942;   14.2942;2;8;9;
10;треугольник    ;2;   37.8722;   10.5979;   14.2942;   14.2942;2;8;19;
11;треугольник    ;2;   37.8722;   10.5979;   14.2942;   14.2942;3;4;11;
12;треугольник    ;2;   37.8722;   10.5979;   14.2942;   14.2942;3;9;10;
13;треугольник    ;2;   37.8722;   10.5979;   14.2942;   14.2942;3;10;11;
14;треугольник    ;2;   37.8722;   10.5979;   14.2942;   14.2942;4;5;13;
15;треугольник    ;2;   37.8722;   10.5979;   14.2942;   14.2942;4;11;12;
16;треугольник    ;2;   37.8722;   10.5979;   14.2942;   14.2942;4;12;13;
17;треугольник    ;2;   37.8722;   10.5979;   14.2942;   14.2942;5;6;15;
18;треугольник    ;2;   37.8722;   10.5979;   14.2942;   14.2942;5;13;14;
19;треугольник    ;2;   37.8722;   10.5979;   14.2942;   14.2942;5;14;15;
20;треугольник    ;2;   37.8722;   10.5979;   14.2942;   14.2942;6;7;17;
21;треугольник    ;2;   37.8722;   10.5979;   14.2942;   14.2942;6;15;16;
22;треугольник    ;2;   37.8722;   10.5979;   14.2942;   14.2942;6;16;17;
23;треугольник    ;2;   37.8722;   10.5979;   14.2942;   14.2942;7;17;18;
24;треугольник    ;2;   37.8722;   10.5979;   14.2942;   14.2942;7;18;19;
25;треугольник    ;1;   26.9290;    6.6149;   16.2839;   16.2839;8;9;21;
26;треугольник    ;2;   37.8722;   10.5979;   14.2942;   14.2942;8;19;37;
27;треугольник    ;1;   26.9290;    6.6149;   16.2839;   16.2839;8;20;21;
28;треугольник    ;2;   37.8722;   10.5979;   14.2942;   14.2942;8;20;37;
29;треугольник    ;2;   37.8722;   10.5979;   14.2942;   14.2942;9;10;22;
30;треугольник    ;1;   26.9290;    6.6149;   16.2839;   16.2839;9;21;22;
31;треугольник    ;1;   26.9290;    6.6149;   16.2839;   16.2839;10;11;24;
32;треугольник    ;2;   37.8722;   10.5979;   14.2942;   14.2942;10;22;23;
33;треугольник    ;1;   26.9290;    6.6149;   16.2839;   16.2839;10;23;24;
34;треугольник    ;2;   37.8722;   10.5979;   14.2942;   14.2942;11;12;25;
35;треугольник    ;1;   26.9290;    6.6149;   16.2839;   16.2839;11;24;25;
36;треугольник    ;1;   26.9290;    6.6149;   16.2839;   16.2839;12;13;27;
37;треугольник    ;2;   37.8722;   10.5979;   14.2942;   14.2942;12;25;26;
38;треугольник    ;1;   26.9290;    6.6149;   16.2839;   16.2839;12;26;27;
39;треугольник    ;2;   37.8722;   10.5979;   14.2942;   14.2942;13;14;28;
40;треугольник    ;1;   26.9290;    6.6149;   16.2839;   16.2839;13;27;28;
41;треугольник    ;1;   26.9290;    6.6149;   16.2839;   16.2839;14;15;30;
42;треугольник    ;2;   37.8722;   10.5979;   14.2942;   14.2942;14;28;29;
43;треугольник    ;1;   26.9290;    6.6149;   16.2839;   16.2839;14;29;30;
44;треугольник    ;2;   37.8722;   10.5979;   14.2942;   14.2942;15;16;31;
45;треугольник    ;1;   26.9290;    6.6149;   16.2839;   16.2839;15;30;31;
46;треугольник    ;1;   26.9290;    6.6149;   16.2839;   16.2839;16;17;33;
47;треугольник    ;2;   37.8722;   10.5979;   14.2942;   14.2942;16;31;32;
48;треугольник    ;1;   26.9290;    6.6149;   16.2839;   16.2839;16;32;33;
49;треугольник    ;2;   37.8722;   10.5979;   14.2942;   14.2942;17;18;34;
50;треугольник    ;1;   26.9290;    6.6149;   16.2839;   16.2839;17;33;34;
51;треугольник    ;1;   26.9290;    6.6149;   16.2839;   16.2839;18;19;36;
52;треугольник    ;2;   37.8722;   10.5979;   14.2942;   14.2942;18;34;35;
53;треугольник    ;1;   26.9290;    6.6149;   16.2839;   16.2839;18;35;36;
54;треугольник    ;1;   26.9290;    6.6149;   16.2839;   16.2839;19;36;37;
55;треугольник    ;1;   26.9290;    6.6149;   16.2839;   16.2839;20;21;39;
56;треугольник    ;2;   37.8722;   10.5979;   14.2942;   14.2942;20;37;61;
57;треугольник    ;2;   37.8722;   10.5979;   14.2942;   14.2942;20;38;39;
58;треугольник    ;2;   37.8722;   10.5979;   14.2942;   14.2942;20;38;61;
59;треугольник    ;1;   26.9290;    6.6149;   16.2839;   16.2839;21;22;40;
60;треугольник    ;1;   26.9290;    6.6149;   16.2839;   16.2839;21;39;40;
61;треугольник    ;2;   37.8722;   10.5979;   14.2942;   14.2942;22;23;41;
62;треугольник    ;2;   37.8722;   10.5979;   14.2942;   14.2942;22;40;41;
63;треугольник    ;1;   26.9290;    6.6149;   16.2839;   16.2839;23;24;43;
64;треугольник    ;2;   37.8722;   10.5979;   14.2942;   14.2942;23;41;42;
65;треугольник    ;2;   37.8722;   10.5979;   14.2942;   14.2942;23;42;43;
66;треугольник    ;1;   26.9290;    6.6149;   16.2839;   16.2839;24;25;44;
67;треугольник    ;1;   26.9290;    6.6149;   16.2839;   16.2839;24;43;44;
68;треугольник    ;2;   37.8722;   10.5979;   14.2942;   14.2942;25;26;45;
69;треугольник    ;2;   37.8722;   10.5979;   14.2942;   14.2942;25;44;45;
70;треугольник    ;1;   26.9290;    6.6149;   16.2839;   16.2839;26;27;47;
71;треугольник    ;2;   37.8722;   10.5979;   14.2942;   14.2942;26;45;46;
72;треугольник    ;2;   37.8722;   10.5979;   14.2942;   14.2942;26;46;47;
73;треугольник    ;1;   26.9290;    6.6149;   16.2839;   16.2839;27;28;48;
74;треугольник    ;1;   26.9290;    6.6149;   16.2839;   16.2839;27;47;48;
75;треугольник    ;2;   37.8722;   10.5979;   14.2942;   14.2942;28;29;49;
76;треугольник    ;2;   37.8722;   10.5979;   14.2942;   14.2942;28;48;49;
77;треугольник    ;1;   26.9290;    6.6149;   16.2839;   16.2839;29;30;51;
78;треугольник    ;2;   37.8722;   10.5979;   14.2942;   14.2942;29;49;50;
79;треугольник    ;2;   37.8722;   10.5979;   14.2942;   14.2942;29;50;51;
80;треугольник    ;1;   26.9290;    6.6149;   16.2839;   16.2839;30;31;52;
81;треугольник    ;1;   26.9290;    6.6149;   16.2839;   16.2839;30;51;52;
82;треугольник    ;2;   37.8722;   10.5979;   14.2942;   14.2942;31;32;53;
83;треугольник    ;2;   37.8722;   10.5979;   14.2942;   14.2942;31;52;53;
84;треугольник    ;1;   26.9290;    6.6149;   16.2839;   16.2839;32;33;55;
85;треугольник    ;2;   37.8722;   10.5979;   14.2942;   14.2942;32;53;54;
86;треугольник    ;2;   37.8722;   10.5979;   14.2942;   14.2942;32;54;55;
87;треугольник    ;1;   26.9290;    6.6149;   16.2839;   16.2839;33;34;56;
88;треугольник    ;1;   26.9290;    6.6149;   16.2839;   16.2839;33;55;56;
89;треугольник    ;2;   37.8722;   10.5979;   14.2942;   14.2942;34;35;57;
90;треугольник    ;2;   37.8722;   10.5979;   14.2942;   14.2942;34;56;57;
91;треугольник    ;1;   26.9290;    6.6149;   16.2839;   16.2839;35;36;59;
92;треугольник    ;2;   37.8722;   10.5979;   14.2942;   14.2942;35;57;58;
93;треугольник    ;2;   37.8722;   10.5979;   14.2942;   14.2942;35;58;59;
94;треугольник    ;1;   26.9290;    6.6149;   16.2839;   16.2839;36;37;60;
95;треугольник    ;1;   26.9290;    6.6149;   16.2839;   16.2839;36;59;60;
96;треугольник    ;2;   37.8722;   10.5979;   14.2942;   14.2942;37;60;61;
97;треугольник    ;2;   37.8722;   10.5979;   14.2942;   14.2942;38;39;63;
98;треугольник    ;2;   37.8722;   10.5979;   14.2942;   14.2942;38;61;91;
99;треугольник    ;1;   26.9290;    6.6149;   16.2839;   16.2839;38;62;63;
100;треугольник    ;1;   26.9290;    6.6149;   16.2839;   16.2839;38;62;91;
101;треугольник    ;2;   37.8722;   10.5979;   14.2942;   14.2942;39;40;64;
102;треугольник    ;2;   37.8722;   10.5979;   14.2942;   14.2942;39;63;64;
103;треугольник    ;2;   37.8722;   10.5979;   14.2942;   14.2942;40;41;65;
104;треугольник    ;2;   37.8722;   10.5979;   14.2942;   14.2942;40;64;65;
105;треугольник    ;2;   37.8722;   10.5979;   14.2942;   14.2942;41;42;66;
106;треугольник    ;2;   37.8722;   10.5979;   14.2942;   14.2942;41;65;66;
107;треугольник    ;2;   37.8722;   10.5979;   14.2942;   14.2942;42;43;68;
108;треугольник    ;1;   26.9290;    6.6149;   16.2839;   16.2839;42;66;67;
109;треугольник    ;1;   26.9290;    6.6149;   16.2839;   16.2839;42;67;68;
110;треугольник    ;2;   37.8722;   10.5979;   14.2942;   14.2942;43;44;69;
111;треугольник    ;2;   37.8722;   10.5979;   14.2942;   14.2942;43;68;69;
112;треугольник    ;2;   37.8722;   10.5979;   14.2942;   14.2942;44;45;70;
113;треугольник    ;2;   37.8722;   10.5979;   14.2942;   14.2942;44;69;70;
114;треугольник    ;2;   37.8722;   10.5979;   14.2942;   14.2942;45;46;71;
115;треугольник    ;2;   37.8722;   10.5979;   14.2942;   14.2942;45;70;71;
116;треугольник    ;2;   37.8722;   10.5979;   14.2942;   14.2942;46;47;73;
117;треугольник    ;1;   26.9290;    6.6149;   16.2839;   16.2839;46;71;72;
118;треугольник    ;1;   26.9290;    6.6149;   16.2839;   16.2839;46;72;73;
119;треугольник    ;2;   37.8722;   10.5979;   14.2942;   14.2942;47;48;74;
120;треугольник    ;2;   37.8722;   10.5979;   14.2942;   14.2942;47;73;74;
121;треугольник    ;2;   37.8722;   10.5979;   14.2942;   14.2942;48;49;75;
122;треугольник    ;2;   37.8722;   10.5979;   14.2942;   14.2942;48;74;75;
123;треугольник    ;2;   37.8722;   10.5979;   14.2942;   14.2942;49;50;76;
124;треугольник    ;2;   37.8722;   10.5979;   14.2942;   14.2942;49;75;76;
125;треугольник    ;2;   37.8722;   10.5979;   14.2942;   14.2942;50;51;78;
126;треугольник    ;1;   26.9290;    6.6149;   16.2839;   16.2839;50;76;77;
127;треугольник    ;1;   26.9290;    6.6149;   16.2839;   16.2839;50;77;78;
128;треугольник    ;2;   37.8722;   10.5979;   14.2942;   14.2942;51;52;79;
129;треугольник    ;2;   37.8722;   10.5979;   14.2942;   14.2942;51;78;79;
130;треугольник    ;2;   37.8722;   10.5979;   14.2942;   14.2942;52;53;80;
131;треугольник    ;2;   37.8722;   10.5979;   14.2942;   14.2942;52;79;80;
132;треугольник    ;2;   37.8722;   10.5979;   14.2942;   14.2942;53;54;81;
133;треугольник    ;2;   37.8722;   10.5979;   14.2942;   14.2942;53;80;81;
134;треугольник    ;2;   37.8722;   10.5979;   14.2942;   14.2942;54;55;83;
135;треугольник    ;1;   26.9290;    6.6149;   16.2839;   16.2839;54;81;82;
136;треугольник    ;1;   26.9290;    6.6149;   16.2839;   16.2839;54;82;83;
137;треугольник    ;2;   37.8722;   10.5979;   14.2942;   14.2942;55;56;84;
138;треугольник    ;2;   37.8722;   10.5979;   14.2942;   14.2942;55;83;84;
139;треугольник    ;2;   37.8722;   10.5979;   14.2942;   14.2942;56;57;85;
140;треугольник    ;2;   37.8722;   10.5979;   14.2942;   14.2942;56;84;85;
141;треугольник    ;2;   37.8722;   10.5979;   14.2942;   14.2942;57;58;86;
142;треугольник    ;2;   37.8722;   10.5979;   14.2942;   14.2942;57;85;86;
143;треугольник    ;2;   37.8722;   10.5979;   14.2942;   14.2942;58;59;88;
144;треугольник    ;1;   26.9290;    6.6149;   16.2839;   16.2839;58;86;87;
145;треугольник    ;1;   26.9290;    6.6149;   16.2839;   16.2839;58;87;88;
146;треугольник    ;2;   37.8722;   10.5979;   14.2942;   14.2942;59;60;89;
147;треугольник    ;2;   37.8722;   10.5979;   14.2942;   14.2942;59;88;89;
148;треугольник    ;2;   37.8722;   10.5979;   14.2942;   14.2942;60;61;90;
149;треугольник    ;2;   37.8722;   10.5979;   14.2942;   14.2942;60;89;90;
150;треугольник    ;2;   37.8722;   10.5979;   14.2942;   14.2942;61;90;91;
151;треугольник    ;1;   26.9290;    6.6149;   16.2839;   16.2839;62;63;93;
152;треугольник    ;1;   26.9290;    6.6149;   16.2839;   16.2839;62;91;127;
153;треугольник    ;1;   26.9290;    6.6149;   16.2839;   16.2839;62;92;93;
154;треугольник    ;1;   26.9290;    6.6149;   16.2839;   16.2839;62;92;127;
155;треугольник    ;2;   37.8722;   10.5979;   14.2942;   14.2942;63;64;94;
156;треугольник    ;2;   37.8722;   10.5979;   14.2942;   14.2942;63;93;94;
157;треугольник    ;1;   26.9290;    6.6149;   16.2839;   16.2839;64;65;95;
158;треугольник    ;1;   26.9290;    6.6149;   16.2839;   16.2839;64;94;95;
159;треугольник    ;2;   37.8722;   10.5979;   14.2942;   14.2942;65;66;96;
160;треугольник    ;1;   26.9290;    6.6149;   16.2839;   16.2839;65;95;96;
161;треугольник    ;1;   26.9290;    6.6149;   16.2839;   16.2839;66;67;97;
162;треугольник    ;2;   37.8722;   10.5979;   14.2942;   14.2942;66;96;97;
163;треугольник    ;1;   26.9290;    6.6149;   16.2839;   16.2839;67;68;99;
164;треугольник    ;1;   26.9290;    6.6149;   16.2839;   16.2839;67;97;98;
165;треугольник    ;1;   26.9290;    6.6149;   16.2839;   16.2839;67;98;99;
166;треугольник    ;2;   37.8722;   10.5979;   14.2942;   14.2942;68;69;100;
167;треугольник    ;2;   37.8722;   10.5979;   14.2942;   14.2942;68;99;100;
168;треугольник    ;1;   26.9290;    6.6149;   16.2839;   16.2839;69;70;101;
169;треугольник    ;1;   26.9290;    6.6149;   16.2839;   16.2839;69;100;101;
170;треугольник    ;2;   37.8722;   10.5979;   14.2942;   14.2942;70;71;102;
171;треугольник    ;1;   26.9290;    6.6149;   16.2839;   16.2839;70;101;102;
172;треугольник    ;1;   26.9290;    6.6149;   16.2839;   16.2839;71;72;103;
173;треугольник    ;2;   37.8722;   10.5979;   14.2942;   14.2942;71;102;103;
174;треугольник    ;1;   26.9290;    6.6149;   16.2839;   16.2839;72;73;105;
175;треугольник    ;1;   26.9290;    6.6149;   16.2839;   16.2839;72;103;104;
176;треугольник    ;1;   26.9290;    6.6149;   16.2839;   16.2839;72;104;105;
177;треугольник    ;2;   37.8722;   10.5979;   14.2942;   14.2942;73;74;106;
178;треугольник    ;2;   37.8722;   10.5979;   14.2942;   14.2942;73;105;106;
179;треугольник    ;1;   26.9290;    6.6149;   16.2839;   16.2839;74;75;107;
180;треугольник    ;1;   26.9290;    6.6149;   16.2839;   16.2839;74;106;107;
181;треугольник    ;2;   37.8722;   10.5979;   14.2942;   14.2942;75;76;108;
182;треугольник    ;1;   26.9290;    6.6149;   16.2839;   16.2839;75;107;108;
183;треугольник    ;1;   26.9290;    6.6149;   16.2839;   16.2839;76;77;109;
184;треугольник    ;2;   37.8722;   10.5979;   14.2942;   14.2942;76;108;109;
185;треугольник    ;1;   26.9290;    6.6149;   16.2839;   16.2839;77;78;111;
186;треугольник    ;1;   26.9290;    6.6149;   16.2839;   16.2839;77;109;110;
187;треугольник    ;1;   26.9290;    6.6149;   16.2839;   16.2839;77;110;111;
188;треугольник    ;2;   37.8722;   10.5979;   14.2942;   14.2942;78;79;112;
189;треугольник    ;2;   37.8722;   10.5979;   14.2942;   14.2942;78;111;112;
190;треугольник    ;1;   26.9290;    6.6149;   16.2839;   16.2839;79;80;113;
191;треугольник    ;1;   26.9290;    6.6149;   16.2839;   16.2839;79;112;113;
192;треугольник    ;2;   37.8722;   10.5979;   14.2942;   14.2942;80;81;114;
193;треугольник    ;1;   26.9290;    6.6149;   16.2839;   16.2839;80;113;114;
194;треугольник    ;1;   26.9290;    6.6149;   16.2839;   16.2839;81;82;115;
195;треугольник    ;2;   37.8722;   10.5979;   14.2942;   14.2942;81;114;115;
196;треугольник    ;1;   26.9290;    6.6149;   16.2839;   16.2839;82;83;117;
197;треугольник    ;1;   26.9290;    6.6149;   16.2839;   16.2839;82;115;116;
198;треугольник    ;1;   26.9290;    6.6149;   16.2839;   16.2839;82;116;117;
199;треугольник    ;2;   37.8722;   10.5979;   14.2942;   14.2942;83;84;118;
200;треугольник    ;2;   37.8722;   10.5979;   14.2942;   14.2942;83;117;118;
201;треугольник    ;1;   26.9290;    6.6149;   16.2839;   16.2839;84;85;119;
202;треугольник    ;1;   26.9290;    6.6149;   16.2839;   16.2839;84;118;119;
203;треугольник    ;2;   37.8722;   10.5979;   14.2942;   14.2942;85;86;120;
204;треугольник    ;1;   26.9290;    6.6149;   16.2839;   16.2839;85;119;120;
205;треугольник    ;1;   26.9290;    6.6149;   16.2839;   16.2839;86;87;121;
206;треугольник    ;2;   37.8722;   10.5979;   14.2942;   14.2942;86;120;121;
207;треугольник    ;1;   26.9290;    6.6149;   16.2839;   16.2839;87;88;123;
208;треугольник    ;1;   26.9290;    6.6149;   16.2839;   16.2839;87;121;122;
209;треугольник    ;1;   26.9290;    6.6149;   16.2839;   16.2839;87;122;123;
210;треугольник    ;2;   37.8722;   10.5979;   14.2942;   14.2942;88;89;124;
211;треугольник    ;2;   37.8722;   10.5979;   14.2942;   14.2942;88;123;124;
212;треугольник    ;1;   26.9290;    6.6149;   16.2839;   16.2839;89;90;125;
213;треугольник    ;1;   26.9290;    6.6149;   16.2839;   16.2839;89;124;125;
214;треугольник    ;2;   37.8722;   10.5979;   14.2942;   14.2942;90;91;126;
215;треугольник    ;1;   26.9290;    6.6149;   16.2839;   16.2839;90;125;126;
216;треугольник    ;2;   37.8722;   10.5979;   14.2942;   14.2942;91;126;127;
217;треугольник    ;2;   37.8722;   10.5979;   14.2942;   14.2942;92;93;129;
218;треугольник    ;2;   37.8722;   10.5979;   14.2942;   14.2942;92;127;169;
219;треугольник    ;2;   37.8722;   10.5979;   14.2942;   14.2942;92;128;129;
220;треугольник    ;2;   37.8722;   10.5979;   14.2942;   14.2942;92;128;169;
221;треугольник    ;2;   37.8722;   10.5979;   14.2942;   14.2942;93;94;130;
222;треугольник    ;2;   37.8722;   10.5979;   14.2942;   14.2942;93;129;130;
223;треугольник    ;1;   26.9290;    6.6149;   16.2839;   16.2839;94;95;131;
224;треугольник    ;2;   37.8722;   10.5979;   14.2942;   14.2942;94;130;131;
225;треугольник    ;1;   26.9290;    6.6149;   16.2839;   16.2839;95;96;132;
226;треугольник    ;1;   26.9290;    6.6149;   16.2839;   16.2839;95;131;132;
227;треугольник    ;2;   37.8722;   10.5979;   14.2942;   14.2942;96;97;133;
228;треугольник    ;2;   37.8722;   10.5979;   14.2942;   14.2942;96;132;133;
229;треугольник    ;2;   37.8722;   10.5979;   14.2942;   14.2942;97;98;134;
230;треугольник    ;2;   37.8722;   10.5979;   14.2942;   14.2942;97;133;134;
231;треугольник    ;2;   37.8722;   10.5979;   14.2942;   14.2942;98;99;136;
232;треугольник    ;2;   37.8722;   10.5979;   14.2942;   14.2942;98;134;135;
233;треугольник    ;2;   37.8722;   10.5979;   14.2942;   14.2942;98;135;136;
234;треугольник    ;2;   37.8722;   10.5979;   14.2942;   14.2942;99;100;137;
235;треугольник    ;2;   37.8722;   10.5979;   14.2942;   14.2942;99;136;137;
236;треугольник    ;1;   26.9290;    6.6149;   16.2839;   16.2839;100;101;138;
237;треугольник    ;2;   37.8722;   10.5979;   14.2942;   14.2942;100;137;138;
238;треугольник    ;1;   26.9290;    6.6149;   16.2839;   16.2839;101;102;139;
239;треугольник    ;1;   26.9290;    6.6149;   16.2839;   16.2839;101;138;139;
240;треугольник    ;2;   37.8722;   10.5979;   14.2942;   14.2942;102;103;140;
241;треугольник    ;2;   37.8722;   10.5979;   14.2942;   14.2942;102;139;140;
242;треугольник    ;2;   37.8722;   10.5979;   14.2942;   14.2942;103;104;141;
243;треугольник    ;2;   37.8722;   10.5979;   14.2942;   14.2942;103;140;141;
244;треугольник    ;2;   37.8722;   10.5979;   14.2942;   14.2942;104;105;143;
245;треугольник    ;2;   37.8722;   10.5979;   14.2942;   14.2942;104;141;142;
246;треугольник    ;2;   37.8722;   10.5979;   14.2942;   14.2942;104;142;143;
247;треугольник    ;2;   37.8722;   10.5979;   14.2942;   14.2942;105;106;144;
248;треугольник    ;2;   37.8722;   10.5979;   14.2942;   14.2942;105;143;144;
249;треугольник    ;1;   26.9290;    6.6149;   16.2839;   16.2839;106;107;145;
250;треугольник    ;2;   37.8722;   10.5979;   14.2942;   14.2942;106;144;145;
251;треугольник    ;1;   26.9290;    6.6149;   16.2839;   16.2839;107;108;146;
252;треугольник    ;1;   26.9290;    6.6149;   16.2839;   16.2839;107;145;146;
253;треугольник    ;2;   37.8722;   10.5979;   14.2942;   14.2942;108;109;147;
254;треугольник    ;2;   37.8722;   10.5979;   14.2942;   14.2942;108;146;147;
255;треугольник    ;2;   37.8722;   10.5979;   14.2942;   14.2942;109;110;148;
256;треугольник    ;2;   37.8722;   10.5979;   14.2942;   14.2942;109;147;148;
257;треугольник    ;2;   37.8722;   10.5979;   14.2942;   14.2942;110;111;150;
258;треугольник    ;2;   37.8722;   10.5979;   14.2942;   14.2942;110;148;149;
259;треугольник    ;2;   37.8722;   10.5979;   14.2942;   14.2942;110;149;150;
260;треугольник    ;2;   37.8722;   10.5979;   14.2942;   14.2942;111;112;151;
261;треугольник    ;2;   37.8722;   10.5979;   14.2942;   14.2942;111;150;151;
262;треугольник    ;1;   26.9290;    6.6149;   16.2839;   16.2839;112;113;152;
263;треугольник    ;2;   37.8722;   10.5979;   14.2942;   14.2942;112;151;152;
264;треугольник    ;1;   26.9290;    6.6149;   16.2839;   16.2839;113;114;153;
265;треугольник    ;1;   26.9290;    6.6149;   16.2839;   16.2839;113;152;153;
266;треугольник    ;2;   37.8722;   10.5979;   14.2942;   14.2942;114;115;154;
267;треугольник    ;2;   37.8722;   10.5979;   14.2942;   14.2942;114;153;154;
268;треугольник    ;2;   37.8722;   10.5979;   14.2942;   14.2942;115;116;155;
269;треугольник    ;2;   37.8722;   10.5979;   14.2942;   14.2942;115;154;155;
270;треугольник    ;2;   37.8722;   10.5979;   14.2942;   14.2942;116;117;157;
271;треугольник    ;2;   37.8722;   10.5979;   14.2942;   14.2942;116;155;156;
272;треугольник    ;2;   37.8722;   10.5979;   14.2942;   14.2942;116;156;157;
273;треугольник    ;2;   37.8722;   10.5979;   14.2942;   14.2942;117;118;158;
274;треугольник    ;2;   37.8722;   10.5979;   14.2942;   14.2942;117;157;158;
275;треугольник    ;1;   26.9290;    6.6149;   16.2839;   16.2839;118;119;159;
276;треугольник    ;2;   37.8722;   10.5979;   14.2942;   14.2942;118;158;159;
277;треугольник    ;1;   26.9290;    6.6149;   16.2839;   16.2839;119;120;160;
278;треугольник    ;1;   26.9290;    6.6149;   16.2839;   16.2839;119;159;160;
279;треугольник    ;2;   37.8722;   10.5979;   14.2942;   14.2942;120;121;161;
280;треугольник    ;2;   37.8722;   10.5979;   14.2942;   14.2942;120;160;161;
281;треугольник    ;2;   37.8722;   10.5979;   14.2942;   14.2942;121;122;162;
282;треугольник    ;2;   37.8722;   10.5979;   14.2942;   14.2942;121;161;162;
283;треугольник    ;2;   37.8722;   10.5979;   14.2942;   14.2942;122;123;164;
284;треугольник    ;2;   37.8722;   10.5979;   14.2942;   14.2942;122;162;163;
285;треугольник    ;2;   37.8722;   10.5979;   14.2942;   14.2942;122;163;164;
286;треугольник    ;2;   37.8722;   10.5979;   14.2942;   14.2942;123;124;165;
287;треугольник    ;2;   37.8722;   10.5979;   14.2942;   14.2942;123;164;165;
288;треугольник    ;1;   26.9290;    6.6149;   16.2839;   16.2839;124;125;166;
289;треугольник    ;2;   37.8722;   10.5979;   14.2942;   14.2942;124;165;166;
290;треугольник    ;1;   26.9290;    6.6149;   16.2839;   16.2839;125;126;167;
291;треугольник    ;1;   26.9290;    6.6149;   16.2839;   16.2839;125;166;167;
292;треугольник    ;2;   37.8722;   10.5979;   14.2942;   14.2942;126;127;168;
293;треугольник    ;2;   37.8722;   10.5979;   14.2942;   14.2942;126;167;168;
294;треугольник    ;2;   37.8722;   10.5979;   14.2942;   14.2942;127;168;169;
295;треугольник    ;2;   37.8722;   10.5979;   14.2942;   14.2942;128;129;171;
296;треугольник    ;2;   37.8722;   10.5979;   14.2942;   14.2942;128;169;217;
297;треугольник    ;2;   37.8722;   10.5979;   14.2942;   14.2942;128;170;171;
298;треугольник    ;2;   37.8722;   10.5979;   14.2942;   14.2942;128;170;217;
299;треугольник    ;2;   37.8722;   10.5979;   14.2942;   14.2942;129;130;172;
300;треугольник    ;2;   37.8722;   10.5979;   14.2942;   14.2942;129;171;172;
301;треугольник    ;2;   37.8722;   10.5979;   14.2942;   14.2942;130;131;173;
302;треугольник    ;2;   37.8722;   10.5979;   14.2942;   14.2942;130;172;173;
303;треугольник    ;2;   37.8722;   10.5979;   14.2942;   14.2942;131;132;174;
304;треугольник    ;2;   37.8722;   10.5979;   14.2942;   14.2942;131;173;174;
305;треугольник    ;2;   37.8722;   10.5979;   14.2942;   14.2942;132;133;175;
306;треугольник    ;2;   37.8722;   10.5979;   14.2942;   14.2942;132;174;175;
307;треугольник    ;2;   37.8722;   10.5979;   14.2942;   14.2942;133;134;176;
308;треугольник    ;2;   37.8722;   10.5979;   14.2942;   14.2942;133;175;176;
309;треугольник    ;2;   37.8722;   10.5979;   14.2942;   14.2942;134;135;177;
310;треугольник    ;2;   37.8722;   10.5979;   14.2942;   14.2942;134;176;177;
311;треугольник    ;2;   37.8722;   10.5979;   14.2942;   14.2942;135;136;179;
312;треугольник    ;2;   37.8722;   10.5979;   14.2942;   14.2942;135;177;178;
313;треугольник    ;2;   37.8722;   10.5979;   14.2942;   14.2942;135;178;179;
314;треугольник    ;2;   37.8722;   10.5979;   14.2942;   14.2942;136;137;180;
315;треугольник    ;2;   37.8722;   10.5979;   14.2942;   14.2942;136;179;180;
316;треугольник    ;2;   37.8722;   10.5979;   14.2942;   14.2942;137;138;181;
317;треугольник    ;2;   37.8722;   10.5979;   14.2942;   14.2942;137;180;181;
318;треугольник    ;2;   37.8722;   10.5979;   14.2942;   14.2942;138;139;182;
319;треугольник    ;2;   37.8722;   10.5979;   14.2942;   14.2942;138;181;182;
320;треугольник    ;2;   37.8722;   10.5979;   14.2942;   14.2942;139;140;183;
321;треугольник    ;2;   37.8722;   10.5979;   14.2942;   14.2942;139;182;183;
322;треугольник    ;2;   37.8722;   10.5979;   14.2942;   14.2942;140;141;184;
323;треугольник    ;2;   37.8722;   10.5979;   14.2942;   14.2942;140;183;184;
324;треугольник    ;2;   37.8722;   10.5979;   14.2942;   14.2942;141;142;185;
325;треугольник    ;2;   37.8722;   10.5979;   14.2942;   14.2942;141;184;185;
326;треугольник    ;2;   37.8722;   10.5979;   14.2942;   14.2942;142;143;187;
327;треугольник    ;2;   37.8722;   10.5979;   14.2942;   14.2942;142;185;186;
328;треугольник    ;2;   37.8722;   10.5979;   14.2942;   14.2942;142;186;187;
329;треугольник    ;2;   37.8722;   10.5979;   14.2942;   14.2942;143;144;188;
330;треугольник    ;2;   37.8722;   10.5979;   14.2942;   14.2942;143;187;188;
331;треугольник    ;2;   37.8722;   10.5979;   14.2942;   14.2942;144;145;189;
332;треугольник    ;2;   37.8722;   10.5979;   14.2942;   14.2942;144;188;189;
333;треугольник    ;2;   37.8722;   10.5979;   14.2942;   14.2942;145;146;190;
334;треугольник    ;2;   37.8722;   10.5979;   14.2942;   14.2942;145;189;190;
335;треугольник    ;2;   37.8722;   10.5979;   14.2942;   14.2942;146;147;191;
336;треугольник    ;2;   37.8722;   10.5979;   14.2942;   14.2942;146;190;191;
337;треугольник    ;2;   37.8722;   10.5979;   14.2942;   14.2942;147;148;192;
338;треугольник    ;2;   37.8722;   10.5979;   14.2942;   14.2942;147;191;192;
339;треугольник    ;2;   37.8722;   10.5979;   14.2942;   14.2942;148;149;193;
340;треугольник    ;2;   37.8722;   10.5979;   14.2942;   14.2942;148;192;193;
341;треугольник    ;2;   37.8722;   10.5979;   14.2942;   14.2942;149;150;195;
342;треугольник    ;2;   37.8722;   10.5979;   14.2942;   14.2942;149;193;194;
343;треугольник    ;2;   37.8722;   10.5979;   14.2942;   14.2942;149;194;195;
344;треугольник    ;2;   37.8722;   10.5979;   14.2942;   14.2942;150;151;196;
345;треугольник    ;2;   37.8722;   10.5979;   14.2942;   14.2942;150;195;196;
346;треугольник    ;2;   37.8722;   10.5979;   14.2942;   14.2942;151;152;197;
347;треугольник    ;2;   37.8722;   10.5979;   14.2942;   14.2942;151;196;197;
348;треугольник    ;2;   37.8722;   10.5979;   14.2942;   14.2942;152;153;198;
349;треугольник    ;2;   37.8722;   10.5979;   14.2942;   14.2942;152;197;198;
350;треугольник    ;2;   37.8722;   10.5979;   14.2942;   14.2942;153;154;199;
351;треугольник    ;2;   37.8722;   10.5979;   14.2942;   14.2942;153;198;199;
352;треугольник    ;2;   37.8722;   10.5979;   14.2942;   14.2942;154;155;200;
353;треугольник    ;2;   37.8722;   10.5979;   14.2942;   14.2942;154;199;200;
354;треугольник    ;2;   37.8722;   10.5979;   14.2942;   14.2942;155;156;201;
355;треугольник    ;2;   37.8722;   10.5979;   14.2942;   14.2942;155;200;201;
356;треугольник    ;2;   37.8722;   10.5979;   14.2942;   14.2942;156;157;203;
357;треугольник    ;2;   37.8722;   10.5979;   14.2942;   14.2942;156;201;202;
358;треугольник    ;2;   37.8722;   10.5979;   14.2942;   14.2942;156;202;203;
359;треугольник    ;2;   37.8722;   10.5979;   14.2942;   14.2942;157;158;204;
360;треугольник    ;2;   37.8722;   10.5979;   14.2942;   14.2942;157;203;204;
361;треугольник    ;2;   37.8722;   10.5979;   14.2942;   14.2942;158;159;205;
362;треугольник    ;2;   37.8722;   10.5979;   14.2942;   14.2942;158;204;205;
363;треугольник    ;2;   37.8722;   10.5979;   14.2942;   14.2942;159;160;206;
364;треугольник    ;2;   37.8722;   10.5979;   14.2942;   14.2942;159;205;206;
365;треугольник    ;2;   37.8722;   10.5979;   14.2942;   14.2942;160;161;207;
366;треугольник    ;2;   37.8722;   10.5979;   14.2942;   14.2942;160;206;207;
367;треугольник    ;2;   37.8722;   10.5979;   14.2942;   14.2942;161;162;208;
368;треугольник    ;2;   37.8722;   10.5979;   14.2942;   14.2942;161;207;208;
369;треугольник    ;2;   37.8722;   10.5979;   14.2942;   14.2942;162;163;209;
370;треугольник    ;2;   37.8722;   10.5979;   14.2942;   14.2942;162;208;209;
371;треугольник    ;2;   37.8722;   10.5979;   14.2942;   14.2942;163;164;211;
372;треугольник    ;2;   37.8722;   10.5979;   14.2942;   14.2942;163;209;210;
373;треугольник    ;2;   37.8722;   10.5979;   14.2942;   14.2942;163;210;211;
374;треугольник    ;2;   37.8722;   10.5979;   14.2942;   14.2942;164;165;212;
375;треугольник    ;2;   37.8722;   10.5979;   14.2942;   14.2942;164;211;212;
376;треугольник    ;2;   37.8722;   10.5979;   14.2942;   14.2942;165;166;213;
377;треугольник    ;2;   37.8722;   10.5979;   14.2942;   14.2942;165;212;213;
378;треугольник    ;2;   37.8722;   10.5979;   14.2942;   14.2942;166;167;214;
379;треугольник    ;2;   37.8722;   10.5979;   14.2942;   14.2942;166;213;214;
380;треугольник    ;2;   37.8722;   10.5979;   14.2942;   14.2942;167;168;215;
381;треугольник    ;2;   37.8722;   10.5979;   14.2942;   14.2942;167;214;215;
382;треугольник    ;2;   37.8722;   10.5979;   14.2942;   14.2942;168;169;216;
383;треугольник    ;2;   37.8722;   10.5979;   14.2942;   14.2942;168;215;216;
384;треугольник    ;2;   37.8722;   10.5979;   14.2942;   14.2942;169;216;217;
385;треугольник    ;2;   37.8722;   10.5979;   14.2942;   14.2942;170;171;219;
386;треугольник    ;2;   37.8722;   10.5979;   14.2942;   14.2942;170;217;271;
387;треугольник    ;2;   37.8722;   10.5979;   14.2942;   14.2942;170;218;219;
388;треугольник    ;2;   37.8722;   10.5979;   14.2942;   14.2942;170;218;271;
389;треугольник    ;2;   37.8722;   10.5979;   14.2942;   14.2942;171;172;220;
390;треугольник    ;2;   37.8722;   10.5979;   14.2942;   14.2942;171;219;220;
391;треугольник    ;2;   37.8722;   10.5979;   14.2942;   14.2942;172;173;221;
392;треугольник    ;2;   37.8722;   10.5979;   14.2942;   14.2942;172;220;221;
393;треугольник    ;2;   37.8722;   10.5979;   14.2942;   14.2942;173;174;222;
394;треугольник    ;2;   37.8722;   10.5979;   14.2942;   14.2942;173;221;222;
395;треугольник    ;2;   37.8722;   10.5979;   14.2942;   14.2942;174;175;223;
396;треугольник    ;2;   37.8722;   10.5979;   14.2942;   14.2942;174;222;223;
397;треугольник    ;2;   37.8722;   10.5979;   14.2942;   14.2942;175;176;224;
398;треугольник    ;2;   37.8722;   10.5979;   14.2942;   14.2942;175;223;224;
399;треугольник    ;2;   37.8722;   10.5979;   14.2942;   14.2942;176;177;225;
400;треугольник    ;2;   37.8722;   10.5979;   14.2942;   14.2942;176;224;225;
401;треугольник    ;2;   37.8722;   10.5979;   14.2942;   14.2942;177;178;226;
402;треугольник    ;2;   37.8722;   10.5979;   14.2942;   14.2942;177;225;226;
403;треугольник    ;2;   37.8722;   10.5979;   14.2942;   14.2942;178;179;228;
404;треугольник    ;2;   37.8722;   10.5979;   14.2942;   14.2942;178;226;227;
405;треугольник    ;2;   37.8722;   10.5979;   14.2942;   14.2942;178;227;228;
406;треугольник    ;2;   37.8722;   10.5979;   14.2942;   14.2942;179;180;229;
407;треугольник    ;2;   37.8722;   10.5979;   14.2942;   14.2942;179;228;229;
408;треугольник    ;2;   37.8722;   10.5979;   14.2942;   14.2942;180;181;230;
409;треугольник    ;2;   37.8722;   10.5979;   14.2942;   14.2942;180;229;230;
410;треугольник    ;2;   37.8722;   10.5979;   14.2942;   14.2942;181;182;231;
411;треугольник    ;2;   37.8722;   10.5979;   14.2942;   14.2942;181;230;231;
412;треугольник    ;2;   37.8722;   10.5979;   14.2942;   14.2942;182;183;232;
413;треугольник    ;2;   37.8722;   10.5979;   14.2942;   14.2942;182;231;232;
414;треугольник    ;2;   37.8722;   10.5979;   14.2942;   14.2942;183;184;233;
415;треугольник    ;2;   37.8722;   10.5979;   14.2942;   14.2942;183;232;233;
416;треугольник    ;2;   37.8722;   10.5979;   14.2942;   14.2942;184;185;234;
417;треугольник    ;2;   37.8722;   10.5979;   14.2942;   14.2942;184;233;234;
418;треугольник    ;2;   37.8722;   10.5979;   14.2942;   14.2942;185;186;235;
419;треугольник    ;2;   37.8722;   10.5979;   14.2942;   14.2942;185;234;235;
420;треугольник    ;2;   37.8722;   10.5979;   14.2942;   14.2942;186;187;237;
421;треугольник    ;2;   37.8722;   10.5979;   14.2942;   14.2942;186;235;236;
422;треугольник    ;2;   37.8722;   10.5979;   14.2942;   14.2942;186;236;237;
423;треугольник    ;2;   37.8722;   10.5979;   14.2942;   14.2942;187;188;238;
424;треугольник    ;2;   37.8722;   10.5979;   14.2942;   14.2942;187;237;238;
425;треугольник    ;2;   37.8722;   10.5979;   14.2942;   14.2942;188;189;239;
426;треугольник    ;2;   37.8722;   10.5979;   14.2942;   14.2942;188;238;239;
427;треугольник    ;2;   37.8722;   10.5979;   14.2942;   14.2942;189;190;240;
428;треугольник    ;2;   37.8722;   10.5979;   14.2942;   14.2942;189;239;240;
429;треугольник    ;2;   37.8722;   10.5979;   14.2942;   14.2942;190;191;241;
430;треугольник    ;2;   37.8722;   10.5979;   14.2942;   14.2942;190;240;241;
431;треугольник    ;2;   37.8722;   10.5979;   14.2942;   14.2942;191;192;242;
432;треугольник    ;2;   37.8722;   10.5979;   14.2942;   14.2942;191;241;242;
433;треугольник    ;2;   37.8722;   10.5979;   14.2942;   14.2942;192;193;243;
434;треугольник    ;2;   37.8722;   10.5979;   14.2942;   14.2942;192;242;243;
435;треугольник    ;2;   37.8722;   10.5979;   14.2942;   14.2942;193;194;244;
436;треугольник    ;2;   37.8722;   10.5979;   14.2942;   14.2942;193;243;244;
437;треугольник    ;2;   37.8722;   10.5979;   14.2942;   14.2942;194;195;246;
438;треугольник    ;2;   37.8722;   10.5979;   14.2942;   14.2942;194;244;245;
439;треугольник    ;2;   37.8722;   10.5979;   14.2942;   14.2942;194;245;246;
440;треугольник    ;2;   37.8722;   10.5979;   14.2942;   14.2942;195;196;247;
441;треугольник    ;2;   37.8722;   10.5979;   14.2942;   14.2942;195;246;247;
442;треугольник    ;2;   37.8722;   10.5979;   14.2942;   14.2942;196;197;248;
443;треугольник    ;2;   37.8722;   10.5979;   14.2942;   14.2942;196;247;248;
444;треугольник    ;2;   37.8722;   10.5979;   14.2942;   14.2942;197;198;249;
445;треугольник    ;2;   37.8722;   10.5979;   14.2942;   14.2942;197;248;249;
446;треугольник    ;2;   37.8722;   10.5979;   14.2942;   14.2942;198;199;250;
447;треугольник    ;2;   37.8722;   10.5979;   14.2942;   14.2942;198;249;250;
448;треугольник    ;2;   37.8722;   10.5979;   14.2942;   14.2942;199;200;251;
449;треугольник    ;2;   37.8722;   10.5979;   14.2942;   14.2942;199;250;251;
450;треугольник    ;2;   37.8722;   10.5979;   14.2942;   14.2942;200;201;252;
451;треугольник    ;2;   37.8722;   10.5979;   14.2942;   14.2942;200;251;252;
452;треугольник    ;2;   37.8722;   10.5979;   14.2942;   14.2942;201;202;253;
453;треугольник    ;2;   37.8722;   10.5979;   14.2942;   14.2942;201;252;253;
454;треугольник    ;2;   37.8722;   10.5979;   14.2942;   14.2942;202;203;255;
455;треугольник    ;2;   37.8722;   10.5979;   14.2942;   14.2942;202;253;254;
456;треугольник    ;2;   37.8722;   10.5979;   14.2942;   14.2942;202;254;255;
457;треугольник    ;2;   37.8722;   10.5979;   14.2942;   14.2942;203;204;256;
458;треугольник    ;2;   37.8722;   10.5979;   14.2942;   14.2942;203;255;256;
459;треугольник    ;2;   37.8722;   10.5979;   14.2942;   14.2942;204;205;257;
460;треугольник    ;2;   37.8722;   10.5979;   14.2942;   14.2942;204;256;257;
461;треугольник    ;2;   37.8722;   10.5979;   14.2942;   14.2942;205;206;258;
462;треугольник    ;2;   37.8722;   10.5979;   14.2942;   14.2942;205;257;258;
463;треугольник    ;2;   37.8722;   10.5979;   14.2942;   14.2942;206;207;259;
464;треугольник    ;2;   37.8722;   10.5979;   14.2942;   14.2942;206;258;259;
465;треугольник    ;2;   37.8722;   10.5979;   14.2942;   14.2942;207;208;260;
466;треугольник    ;2;   37.8722;   10.5979;   14.2942;   14.2942;207;259;260;
467;треугольник    ;2;   37.8722;   10.5979;   14.2942;   14.2942;208;209;261;
468;треугольник    ;2;   37.8722;   10.5979;   14.2942;   14.2942;208;260;261;
469;треугольник    ;2;   37.8722;   10.5979;   14.2942;   14.2942;209;210;262;
470;треугольник    ;2;   37.8722;   10.5979;   14.2942;   14.2942;209;261;262;
471;треугольник    ;2;   37.8722;   10.5979;   14.2942;   14.2942;210;211;264;
472;треугольник    ;2;   37.8722;   10.5979;   14.2942;   14.2942;210;262;263;
473;треугольник    ;2;   37.8722;   10.5979;   14.2942;   14.2942;210;263;264;
474;треугольник    ;2;   37.8722;   10.5979;   14.2942;   14.2942;211;212;265;
475;треугольник    ;2;   37.8722;   10.5979;   14.2942;   14.2942;211;264;265;
476;треугольник    ;2;   37.8722;   10.5979;   14.2942;   14.2942;212;213;266;
477;треугольник    ;2;   37.8722;   10.5979;   14.2942;   14.2942;212;265;266;
478;треугольник    ;2;   37.8722;   10.5979;   14.2942;   14.2942;213;214;267;
479;треугольник    ;2;   37.8722;   10.5979;   14.2942;   14.2942;213;266;267;
480;треугольник    ;2;   37.8722;   10.5979;   14.2942;   14.2942;214;215;268;
481;треугольник    ;2;   37.8722;   10.5979;   14.2942;   14.2942;214;267;268;
482;треугольник    ;2;   37.8722;   10.5979;   14.2942;   14.2942;215;216;269;
483;треугольник    ;2;   37.8722;   10.5979;   14.2942;   14.2942;215;268;269;
484;треугольник    ;2;   37.8722;   10.5979;   14.2942;   14.2942;216;217;270;
485;треугольник    ;2;   37.8722;   10.5979;   14.2942;   14.2942;216;269;270;
486;треугольник    ;2;   37.8722;   10.5979;   14.2942;   14.2942;217;270;271;
487;треугольник    ;2;   37.8722;   10.5979;   14.2942;   14.2942;218;219;273;
488;треугольник    ;2;   37.8722;   10.5979;   14.2942;   14.2942;218;271;331;
489;треугольник    ;2;   37.8722;   10.5979;   14.2942;   14.2942;218;272;273;
490;треугольник    ;2;   37.8722;   10.5979;   14.2942;   14.2942;218;272;331;
491;треугольник    ;2;   37.8722;   10.5979;   14.2942;   14.2942;219;220;274;
492;треугольник    ;2;   37.8722;   10.5979;   14.2942;   14.2942;219;273;274;
493;треугольник    ;2;   37.8722;   10.5979;   14.2942;   14.2942;220;221;275;
494;треугольник    ;2;   37.8722;   10.5979;   14.2942;   14.2942;220;274;275;
495;треугольник    ;2;   37.8722;   10.5979;   14.2942;   14.2942;221;222;276;
496;треугольник    ;2;   37.8722;   10.5979;   14.2942;   14.2942;221;275;276;
497;треугольник    ;2;   37.8722;   10.5979;   14.2942;   14.2942;222;223;277;
498;треугольник    ;2;   37.8722;   10.5979;   14.2942;   14.2942;222;276;277;
499;треугольник    ;2;   37.8722;   10.5979;   14.2942;   14.2942;223;224;278;
500;треугольник    ;2;   37.8722;   10.5979;   14.2942;   14.2942;223;277;278;
501;треугольник    ;2;   37.8722;   10.5979;   14.2942;   14.2942;224;225;279;
502;треугольник    ;2;   37.8722;   10.5979;   14.2942;   14.2942;224;278;279;
503;треугольник    ;2;   37.8722;   10.5979;   14.2942;   14.2942;225;226;280;
504;треугольник    ;2;   37.8722;   10.5979;   14.2942;   14.2942;225;279;280;
505;треугольник    ;2;   37.8722;   10.5979;   14.2942;   14.2942;226;227;281;
506;треугольник    ;2;   37.8722;   10.5979;   14.2942;   14.2942;226;280;281;
507;треугольник    ;2;   37.8722;   10.5979;   14.2942;   14.2942;227;228;283;
508;треугольник    ;2;   37.8722;   10.5979;   14.2942;   14.2942;227;281;282;
509;треугольник    ;2;   37.8722;   10.5979;   14.2942;   14.2942;227;282;283;
510;треугольник    ;2;   37.8722;   10.5979;   14.2942;   14.2942;228;229;284;
511;треугольник    ;2;   37.8722;   10.5979;   14.2942;   14.2942;228;283;284;
512;треугольник    ;2;   37.8722;   10.5979;   14.2942;   14.2942;229;230;285;
513;треугольник    ;2;   37.8722;   10.5979;   14.2942;   14.2942;229;284;285;
514;треугольник    ;2;   37.8722;   10.5979;   14.2942;   14.2942;230;231;286;
515;треугольник    ;2;   37.8722;   10.5979;   14.2942;   14.2942;230;285;286;
516;треугольник    ;2;   37.8722;   10.5979;   14.2942;   14.2942;231;232;287;
517;треугольник    ;2;   37.8722;   10.5979;   14.2942;   14.2942;231;286;287;
518;треугольник    ;2;   37.8722;   10.5979;   14.2942;   14.2942;232;233;288;
519;треугольник    ;2;   37.8722;   10.5979;   14.2942;   14.2942;232;287;288;
520;треугольник    ;2;   37.8722;   10.5979;   14.2942;   14.2942;233;234;289;
521;треугольник    ;2;   37.8722;   10.5979;   14.2942;   14.2942;233;288;289;
522;треугольник    ;2;   37.8722;   10.5979;   14.2942;   14.2942;234;235;290;
523;треугольник    ;2;   37.8722;   10.5979;   14.2942;   14.2942;234;289;290;
524;треугольник    ;2;   37.8722;   10.5979;   14.2942;   14.2942;235;236;291;
525;треугольник    ;2;   37.8722;   10.5979;   14.2942;   14.2942;235;290;291;
526;треугольник    ;2;   37.8722;   10.5979;   14.2942;   14.2942;236;237;293;
527;треугольник    ;2;   37.8722;   10.5979;   14.2942;   14.2942;236;291;292;
528;треугольник    ;2;   37.8722;   10.5979;   14.2942;   14.2942;236;292;293;
529;треугольник    ;2;   37.8722;   10.5979;   14.2942;   14.2942;237;238;294;
530;треугольник    ;2;   37.8722;   10.5979;   14.2942;   14.2942;237;293;294;
531;треугольник    ;2;   37.8722;   10.5979;   14.2942;   14.2942;238;239;295;
532;треугольник    ;2;   37.8722;   10.5979;   14.2942;   14.2942;238;294;295;
533;треугольник    ;2;   37.8722;   10.5979;   14.2942;   14.2942;239;240;296;
534;треугольник    ;2;   37.8722;   10.5979;   14.2942;   14.2942;239;295;296;
535;треугольник    ;2;   37.8722;   10.5979;   14.2942;   14.2942;240;241;297;
536;треугольник    ;2;   37.8722;   10.5979;   14.2942;   14.2942;240;296;297;
537;треугольник    ;2;   37.8722;   10.5979;   14.2942;   14.2942;241;242;298;
538;треугольник    ;2;   37.8722;   10.5979;   14.2942;   14.2942;241;297;298;
539;треугольник    ;2;   37.8722;   10.5979;   14.2942;   14.2942;242;243;299;
540;треугольник    ;2;   37.8722;   10.5979;   14.2942;   14.2942;242;298;299;
541;треугольник    ;2;   37.8722;   10.5979;   14.2942;   14.2942;243;244;300;
542;треугольник    ;2;   37.8722;   10.5979;   14.2942;   14.2942;243;299;300;
543;треугольник    ;2;   37.8722;   10.5979;   14.2942;   14.2942;244;245;301;
544;треугольник    ;2;   37.8722;   10.5979;   14.2942;   14.2942;244;300;301;
545;треугольник    ;2;   37.8722;   10.5979;   14.2942;   14.2942;245;246;303;
546;треугольник    ;2;   37.8722;   10.5979;   14.2942;   14.2942;245;301;302;
547;треугольник    ;2;   37.8722;   10.5979;   14.2942;   14.2942;245;302;303;
548;треугольник    ;2;   37.8722;   10.5979;   14.2942;   14.2942;246;247;304;
549;треугольник    ;2;   37.8722;   10.5979;   14.2942;   14.2942;246;303;304;
550;треугольник    ;2;   37.8722;   10.5979;   14.2942;   14.2942;247;248;305;
551;треугольник    ;2;   37.8722;   10.5979;   14.2942;   14.2942;247;304;305;
552;треугольник    ;2;   37.8722;   10.5979;   14.2942;   14.2942;248;249;306;
553;треугольник    ;2;   37.8722;   10.5979;   14.2942;   14.2942;248;305;306;
554;треугольник    ;2;   37.8722;   10.5979;   14.2942;   14.2942;249;250;307;
555;треугольник    ;2;   37.8722;   10.5979;   14.2942;   14.2942;249;306;307;
556;треугольник    ;2;   37.8722;   10.5979;   14.2942;   14.2942;250;251;308;
557;треугольник    ;2;   37.8722;   10.5979;   14.2942;   14.2942;250;307;308;
558;треугольник    ;2;   37.8722;   10.5979;   14.2942;   14.2942;251;252;309;
559;треугольник    ;2;   37.8722;   10.5979;   14.2942;   14.2942;251;308;309;
560;треугольник    ;2;   37.8722;   10.5979;   14.2942;   14.2942;252;253;310;
561;треугольник    ;2;   37.8722;   10.5979;   14.2942;   14.2942;252;309;310;
562;треугольник    ;2;   37.8722;   10.5979;   14.2942;   14.2942;253;254;311;
563;треугольник    ;2;   37.8722;   10.5979;   14.2942;   14.2942;253;310;311;
564;треугольник    ;2;   37.8722;   10.5979;   14.2942;   14.2942;254;255;313;
565;треугольник    ;2;   37.8722;   10.5979;   14.2942;   14.2942;254;311;312;
566;треугольник    ;2;   37.8722;   10.5979;   14.2942;   14.2942;254;312;313;
567;треугольник    ;2;   37.8722;   10.5979;   14.2942;   14.2942;255;256;314;
568;треугольник    ;2;   37.8722;   10.5979;   14.2942;   14.2942;255;313;314;
569;треугольник    ;2;   37.8722;   10.5979;   14.2942;   14.2942;256;257;315;
570;треугольник    ;2;   37.8722;   10.5979;   14.2942;   14.2942;256;314;315;
571;треугольник    ;2;   37.8722;   10.5979;   14.2942;   14.2942;257;258;316;
572;треугольник    ;2;   37.8722;   10.5979;   14.2942;   14.2942;257;315;316;
573;треугольник    ;2;   37.8722;   10.5979;   14.2942;   14.2942;258;259;317;
574;треугольник    ;2;   37.8722;   10.5979;   14.2942;   14.2942;258;316;317;
575;треугольник    ;2;   37.8722;   10.5979;   14.2942;   14.2942;259;260;318;
576;треугольник    ;2;   37.8722;   10.5979;   14.2942;   14.2942;259;317;318;
577;треугольник    ;2;   37.8722;   10.5979;   14.2942;   14.2942;260;261;319;
578;треугольник    ;2;   37.8722;   10.5979;   14.2942;   14.2942;260;318;319;
579;треугольник    ;2;   37.8722;   10.5979;   14.2942;   14.2942;261;262;320;
580;треугольник    ;2;   37.8722;   10.5979;   14.2942;   14.2942;261;319;320;
581;треугольник    ;2;   37.8722;   10.5979;   14.2942;   14.2942;262;263;321;
582;треугольник    ;2;   37.8722;   10.5979;   14.2942;   14.2942;262;320;321;
583;треугольник    ;2;   37.8722;   10.5979;   14.2942;   14.2942;263;264;323;
584;треугольник    ;2;   37.8722;   10.5979;   14.2942;   14.2942;263;321;322;
585;треугольник    ;2;   37.8722;   10.5979;   14.2942;   14.2942;263;322;323;
586;треугольник    ;2;   37.8722;   10.5979;   14.2942;   14.2942;264;265;324;
587;треугольник    ;2;   37.8722;   10.5979;   14.2942;   14.2942;264;323;324;
588;треугольник    ;2;   37.8722;   10.5979;   14.2942;   14.2942;265;266;325;
589;треугольник    ;2;   37.8722;   10.5979;   14.2942;   14.2942;265;324;325;
590;треугольник    ;2;   37.8722;   10.5979;   14.2942;   14.2942;266;267;326;
591;треугольник    ;2;   37.8722;   10.5979;   14.2942;   14.2942;266;325;326;
592;треугольник    ;2;   37.8722;   10.5979;   14.2942;   14.2942;267;268;327;
593;треугольник    ;2;   37.8722;   10.5979;   14.2942;   14.2942;267;326;327;
594;треугольник    ;2;   37.8722;   10.5979;   14.2942;   14.2942;268;269;328;
595;треугольник    ;2;   37.8722;   10.5979;   14.2942;   14.2942;268;327;328;
596;треугольник    ;2;   37.8722;   10.5979;   14.2942;   14.2942;269;270;329;
597;треугольник    ;2;   37.8722;   10.5979;   14.2942;   14.2942;269;328;329;
598;треугольник    ;2;   37.8722;   10.5979;   14.2942;   14.2942;270;271;330;
599;треугольник    ;2;   37.8722;   10.5979;   14.2942;   14.2942;270;329;330;
600;треугольник    ;2;   37.8722;   10.5979;   14.2942;   14.2942;271;330;331;
601;четырехугольник;3;   75.3221;   18.0665;   16.6766;   16.6766;272;273;333;332;
602;четырехугольник;3;   75.3221;   18.0665;   16.6766;   16.6766;272;331;391;332;
603;четырехугольник;4;   64.1481;   17.9507;   14.2942;   14.2942;273;274;334;333;
604;четырехугольник;4;   64.1481;   17.9507;   14.2942;   14.2942;274;275;335;334;
605;четырехугольник;4;   64.1481;   17.9507;   14.2942;   14.2942;275;276;336;335;
606;четырехугольник;4;   64.1481;   17.9507;   14.2942;   14.2942;276;277;337;336;
607;четырехугольник;4;   64.1481;   17.9507;   14.2942;   14.2942;277;278;338;337;
608;четырехугольник;4;   64.1481;   17.9507;   14.2942;   14.2942;278;279;339;338;
609;четырехугольник;4;   64.1481;   17.9507;   14.2942;   14.2942;279;280;340;339;
610;четырехугольник;4;   64.1481;   17.9507;   14.2942;   14.2942;280;281;341;340;
611;четырехугольник;3;   75.3221;   18.0665;   16.6766;   16.6766;281;282;342;341;
612;четырехугольник;3;   75.3221;   18.0665;   16.6766;   16.6766;282;283;343;342;
613;четырехугольник;4;   64.1481;   17.9507;   14.2942;   14.2942;283;284;344;343;
614;четырехугольник;4;   64.1481;   17.9507;   14.2942;   14.2942;284;285;345;344;
615;четырехугольник;4;   64.1481;   17.9507;   14.2942;   14.2942;285;286;346;345;
616;четырехугольник;4;   64.1481;   17.9507;   14.2942;   14.2942;286;287;347;346;
617;четырехугольник;4;   64.1481;   17.9507;   14.2942;   14.2942;287;288;348;347;
618;четырехугольник;4;   64.1481;   17.9507;   14.2942;   14.2942;288;289;349;348;
619;четырехугольник;4;   64.1481;   17.9507;   14.2942;   14.2942;289;290;350;349;
620;четырехугольник;4;   64.1481;   17.9507;   14.2942;   14.2942;290;291;351;350;
621;четырехугольник;3;   75.3221;   18.0665;   16.6766;   16.6766;291;292;352;351;
622;четырехугольник;3;   75.3221;   18.0665;   16.6766;   16.6766;292;293;353;352;
623;четырехугольник;4;   64.1481;   17.9507;   14.2942;   14.2942;293;294;354;353;
624;четырехугольник;4;   64.1481;   17.9507;   14.2942;   14.2942;294;295;355;354;
625;четырехугольник;4;   64.1481;   17.9507;   14.2942;   14.2942;295;296;356;355;
626;четырехугольник;4;   64.1481;   17.9507;   14.2942;   14.2942;296;297;357;356;
627;четырехугольник;4;   64.1481;   17.9507;   14.2942;   14.2942;297;298;358;357;
628;четырехугольник;4;   64.1481;   17.9507;   14.2942;   14.2942;298;299;359;358;
629;четырехугольник;4;   64.1481;   17.9507;   14.2942;   14.2942;299;300;360;359;
630;четырехугольник;4;   64.1481;   17.9507;   14.2942;   14.2942;300;301;361;360;
631;четырехугольник;3;   75.3221;   18.0665;   16.6766;   16.6766;301;302;362;361;
632;четырехугольник;3;   75.3221;   18.0665;   16.6766;   16.6766;302;303;363;362;
633;четырехугольник;4;   64.1481;   17.9507;   14.2942;   14.2942;303;304;364;363;
634;четырехугольник;4;   64.1481;   17.9507;   14.2942;   14.2942;304;305;365;364;
635;четырехугольник;4;   64.1481;   17.9507;   14.2942;   14.2942;305;306;366;365;
636;четырехугольник;4;   64.1481;   17.9507;   14.2942;   14.2942;306;307;367;366;
637;четырехугольник;4;   64.1481;   17.9507;   14.2942;   14.2942;307;308;368;367;
638;четырехугольник;4;   64.1481;   17.9507;   14.2942;   14.2942;308;309;369;368;
639;четырехугольник;4;   64.1481;   17.9507;   14.2942;   14.2942;309;310;370;369;
640;четырехугольник;4;   64.1481;   17.9507;   14.2942;   14.2942;310;311;371;370;
641;четырехугольник;3;   75.3221;   18.0665;   16.6766;   16.6766;311;312;372;371;
642;четырехугольник;3;   75.3221;   18.0665;   16.6766;   16.6766;312;313;373;372;
643;четырехугольник;4;   64.1481;   17.9507;   14.2942;   14.2942;313;314;374;373;
644;четырехугольник;4;   64.1481;   17.9507;   14.2942;   14.2942;314;315;375;374;
645;четырехугольник;4;   64.1481;   17.9507;   14.2942;   14.2942;315;316;376;375;
646;четырехугольник;4;   64.1481;   17.9507;   14.2942;   14.2942;316;317;377;376;
647;четырехугольник;4;   64.1481;   17.9507;   14.2942;   14.2942;317;318;378;377;
648;четырехугольник;4;   64.1481;   17.9507;   14.2942;   14.2942;318;319;379;378;
649;четырехугольник;4;   64.1481;   17.9507;   14.2942;   14.2942;319;320;380;379;
650;четырехугольник;4;   64.1481;   17.9507;   14.2942;   14.2942;320;321;381;380;
651;четырехугольник;3;   75.3221;   18.0665;   16.6766;   16.6766;321;322;382;381;
652;четырехугольник;3;   75.3221;   18.0665;   16.6766;   16.6766;322;323;383;382;
653;четырехугольник;4;   64.1481;   17.9507;   14.2942;   14.2942;323;324;384;383;
654;четырехугольник;4;   64.1481;   17.9507;   14.2942;   14.2942;324;325;385;384;
655;четырехугольник;4;   64.1481;   17.9507;   14.2942;   14.2942;325;326;386;385;
656;четырехугольник;4;   64.1481;   17.9507;   14.2942;   14.2942;326;327;387;386;
657;четырехугольник;4;   64.1481;   17.9507;   14.2942;   14.2942;327;328;388;387;
658;четырехугольник;4;   64.1481;   17.9507;   14.2942;   14.2942;328;329;389;388;
659;четырехугольник;4;   64.1481;   17.9507;   14.2942;   14.2942;329;330;390;389;
660;четырехугольник;4;   64.1481;   17.9507;   14.2942;   14.2942;330;331;391;390;
