є;‘орма €чейки;“ип €чейки;ѕлощадь €чейки;√идравлический диаметр;—моченный периметр;ќбогреваемый периметр;“емпература;—в€зан с €чейками:;
1;треугольник    ;1;26.929;6.6149;16.2839;16.2839;5;1;2;3;
2;треугольник    ;1;26.929;6.6149;16.2839;16.2839;950;1;2;7;
3;треугольник    ;1;26.929;6.6149;16.2839;16.2839;970;1;3;4;
4;треугольник    ;1;26.929;6.6149;16.2839;16.2839;980;1;4;5;
5;треугольник    ;1;26.929;6.6149;16.2839;16.2839;990;1;5;6;
6;треугольник    ;1;26.929;6.6149;16.2839;16.2839;1000;1;6;7;
7;треугольник    ;2;37.8722;10.5979;14.2942;14.2942;106;2;3;9;
8;треугольник    ;2;37.8722;10.5979;14.2942;14.2942;107;2;7;19;
9;треугольник    ;2;37.8722;10.5979;14.2942;14.2942;108;2;8;9;
10;треугольник    ;2;37.8722;10.5979;14.2942;14.2942;109;2;8;19;
11;треугольник    ;2;37.8722;10.5979;14.2942;14.2942;110;3;4;11;
12;треугольник    ;2;37.8722;10.5979;14.2942;14.2942;111;3;9;10;
13;треугольник    ;2;37.8722;10.5979;14.2942;14.2942;112;3;10;11;
14;треугольник    ;2;37.8722;10.5979;14.2942;14.2942;113;4;5;13;
15;треугольник    ;2;37.8722;10.5979;14.2942;14.2942;114;4;11;12;
16;треугольник    ;2;37.8722;10.5979;14.2942;14.2942;115;4;12;13;
17;треугольник    ;2;37.8722;10.5979;14.2942;14.2942;116;5;6;15;
18;треугольник    ;2;37.8722;10.5979;14.2942;14.2942;117;5;13;14;
19;треугольник    ;2;37.8722;10.5979;14.2942;14.2942;118;5;14;15;
20;треугольник    ;2;37.8722;10.5979;14.2942;14.2942;119;6;7;17;
21;треугольник    ;2;37.8722;10.5979;14.2942;14.2942;120;6;15;16;
22;треугольник    ;2;37.8722;10.5979;14.2942;14.2942;121;6;16;17;
23;треугольник    ;2;37.8722;10.5979;14.2942;14.2942;122;7;17;18;
24;треугольник    ;2;37.8722;10.5979;14.2942;14.2942;123;7;18;19;
25;треугольник    ;1;26.929;6.6149;16.2839;16.2839;124;8;9;21;
26;треугольник    ;2;37.8722;10.5979;14.2942;14.2942;125;8;19;37;
27;треугольник    ;1;26.929;6.6149;16.2839;16.2839;126;8;20;21;
28;треугольник    ;2;37.8722;10.5979;14.2942;14.2942;127;8;20;37;
29;треугольник    ;2;37.8722;10.5979;14.2942;14.2942;128;9;10;22;
30;треугольник    ;1;26.929;6.6149;16.2839;16.2839;129;9;21;22;
31;треугольник    ;1;26.929;6.6149;16.2839;16.2839;130;10;11;24;
32;треугольник    ;2;37.8722;10.5979;14.2942;14.2942;131;10;22;23;
33;треугольник    ;1;26.929;6.6149;16.2839;16.2839;132;10;23;24;
34;треугольник    ;2;37.8722;10.5979;14.2942;14.2942;133;11;12;25;
35;треугольник    ;1;26.929;6.6149;16.2839;16.2839;134;11;24;25;
36;треугольник    ;1;26.929;6.6149;16.2839;16.2839;135;12;13;27;
37;треугольник    ;2;37.8722;10.5979;14.2942;14.2942;136;12;25;26;
38;треугольник    ;1;26.929;6.6149;16.2839;16.2839;137;12;26;27;
39;треугольник    ;2;37.8722;10.5979;14.2942;14.2942;138;13;14;28;
40;треугольник    ;1;26.929;6.6149;16.2839;16.2839;139;13;27;28;
41;треугольник    ;1;26.929;6.6149;16.2839;16.2839;140;14;15;30;
42;треугольник    ;2;37.8722;10.5979;14.2942;14.2942;141;14;28;29;
43;треугольник    ;1;26.929;6.6149;16.2839;16.2839;142;14;29;30;
44;треугольник    ;2;37.8722;10.5979;14.2942;14.2942;143;15;16;31;
45;треугольник    ;1;26.929;6.6149;16.2839;16.2839;144;15;30;31;
46;треугольник    ;1;26.929;6.6149;16.2839;16.2839;145;16;17;33;
47;треугольник    ;2;37.8722;10.5979;14.2942;14.2942;146;16;31;32;
48;треугольник    ;1;26.929;6.6149;16.2839;16.2839;147;16;32;33;
49;треугольник    ;2;37.8722;10.5979;14.2942;14.2942;148;17;18;34;
50;треугольник    ;1;26.929;6.6149;16.2839;16.2839;149;17;33;34;
51;треугольник    ;1;26.929;6.6149;16.2839;16.2839;150;18;19;36;
52;треугольник    ;2;37.8722;10.5979;14.2942;14.2942;151;18;34;35;
53;треугольник    ;1;26.929;6.6149;16.2839;16.2839;152;18;35;36;
54;треугольник    ;1;26.929;6.6149;16.2839;16.2839;153;19;36;37;
55;треугольник    ;1;26.929;6.6149;16.2839;16.2839;154;20;21;39;
56;треугольник    ;2;37.8722;10.5979;14.2942;14.2942;155;20;37;61;
57;треугольник    ;2;37.8722;10.5979;14.2942;14.2942;156;20;38;39;
58;треугольник    ;2;37.8722;10.5979;14.2942;14.2942;157;20;38;61;
59;треугольник    ;1;26.929;6.6149;16.2839;16.2839;158;21;22;40;
60;треугольник    ;1;26.929;6.6149;16.2839;16.2839;159;21;39;40;
61;треугольник    ;2;37.8722;10.5979;14.2942;14.2942;160;22;23;41;
62;треугольник    ;2;37.8722;10.5979;14.2942;14.2942;161;22;40;41;
63;треугольник    ;1;26.929;6.6149;16.2839;16.2839;162;23;24;43;
64;треугольник    ;2;37.8722;10.5979;14.2942;14.2942;163;23;41;42;
65;треугольник    ;2;37.8722;10.5979;14.2942;14.2942;164;23;42;43;
66;треугольник    ;1;26.929;6.6149;16.2839;16.2839;165;24;25;44;
67;треугольник    ;1;26.929;6.6149;16.2839;16.2839;166;24;43;44;
68;треугольник    ;2;37.8722;10.5979;14.2942;14.2942;167;25;26;45;
69;треугольник    ;2;37.8722;10.5979;14.2942;14.2942;168;25;44;45;
70;треугольник    ;1;26.929;6.6149;16.2839;16.2839;169;26;27;47;
71;треугольник    ;2;37.8722;10.5979;14.2942;14.2942;170;26;45;46;
72;треугольник    ;2;37.8722;10.5979;14.2942;14.2942;171;26;46;47;
73;треугольник    ;1;26.929;6.6149;16.2839;16.2839;172;27;28;48;
74;треугольник    ;1;26.929;6.6149;16.2839;16.2839;173;27;47;48;
75;треугольник    ;2;37.8722;10.5979;14.2942;14.2942;174;28;29;49;
76;треугольник    ;2;37.8722;10.5979;14.2942;14.2942;175;28;48;49;
77;треугольник    ;1;26.929;6.6149;16.2839;16.2839;176;29;30;51;
78;треугольник    ;2;37.8722;10.5979;14.2942;14.2942;177;29;49;50;
79;треугольник    ;2;37.8722;10.5979;14.2942;14.2942;178;29;50;51;
80;треугольник    ;1;26.929;6.6149;16.2839;16.2839;179;30;31;52;
81;треугольник    ;1;26.929;6.6149;16.2839;16.2839;180;30;51;52;
82;треугольник    ;2;37.8722;10.5979;14.2942;14.2942;181;31;32;53;
83;треугольник    ;2;37.8722;10.5979;14.2942;14.2942;182;31;52;53;
84;треугольник    ;1;26.929;6.6149;16.2839;16.2839;183;32;33;55;
85;треугольник    ;2;37.8722;10.5979;14.2942;14.2942;184;32;53;54;
86;треугольник    ;2;37.8722;10.5979;14.2942;14.2942;185;32;54;55;
87;треугольник    ;1;26.929;6.6149;16.2839;16.2839;186;33;34;56;
88;треугольник    ;1;26.929;6.6149;16.2839;16.2839;187;33;55;56;
89;треугольник    ;2;37.8722;10.5979;14.2942;14.2942;188;34;35;57;
90;треугольник    ;2;37.8722;10.5979;14.2942;14.2942;189;34;56;57;
91;треугольник    ;1;26.929;6.6149;16.2839;16.2839;190;35;36;59;
92;треугольник    ;2;37.8722;10.5979;14.2942;14.2942;191;35;57;58;
93;треугольник    ;2;37.8722;10.5979;14.2942;14.2942;192;35;58;59;
94;треугольник    ;1;26.929;6.6149;16.2839;16.2839;193;36;37;60;
95;треугольник    ;1;26.929;6.6149;16.2839;16.2839;194;36;59;60;
96;треугольник    ;2;37.8722;10.5979;14.2942;14.2942;195;37;60;61;
97;треугольник    ;2;37.8722;10.5979;14.2942;14.2942;196;38;39;63;
98;треугольник    ;2;37.8722;10.5979;14.2942;14.2942;197;38;61;91;
99;треугольник    ;1;26.929;6.6149;16.2839;16.2839;198;38;62;63;
100;треугольник    ;1;26.929;6.6149;16.2839;16.2839;199;38;62;91;
101;треугольник    ;2;37.8722;10.5979;14.2942;14.2942;200;39;40;64;
102;треугольник    ;2;37.8722;10.5979;14.2942;14.2942;201;39;63;64;
103;треугольник    ;2;37.8722;10.5979;14.2942;14.2942;202;40;41;65;
104;треугольник    ;2;37.8722;10.5979;14.2942;14.2942;203;40;64;65;
105;треугольник    ;2;37.8722;10.5979;14.2942;14.2942;204;41;42;66;
106;треугольник    ;2;37.8722;10.5979;14.2942;14.2942;205;41;65;66;
107;треугольник    ;2;37.8722;10.5979;14.2942;14.2942;206;42;43;68;
108;треугольник    ;1;26.929;6.6149;16.2839;16.2839;207;42;66;67;
109;треугольник    ;1;26.929;6.6149;16.2839;16.2839;208;42;67;68;
110;треугольник    ;2;37.8722;10.5979;14.2942;14.2942;209;43;44;69;
111;треугольник    ;2;37.8722;10.5979;14.2942;14.2942;210;43;68;69;
112;треугольник    ;2;37.8722;10.5979;14.2942;14.2942;211;44;45;70;
113;треугольник    ;2;37.8722;10.5979;14.2942;14.2942;212;44;69;70;
114;треугольник    ;2;37.8722;10.5979;14.2942;14.2942;213;45;46;71;
115;треугольник    ;2;37.8722;10.5979;14.2942;14.2942;214;45;70;71;
116;треугольник    ;2;37.8722;10.5979;14.2942;14.2942;215;46;47;73;
117;треугольник    ;1;26.929;6.6149;16.2839;16.2839;216;46;71;72;
118;треугольник    ;1;26.929;6.6149;16.2839;16.2839;217;46;72;73;
119;треугольник    ;2;37.8722;10.5979;14.2942;14.2942;218;47;48;74;
120;треугольник    ;2;37.8722;10.5979;14.2942;14.2942;219;47;73;74;
121;треугольник    ;2;37.8722;10.5979;14.2942;14.2942;220;48;49;75;
122;треугольник    ;2;37.8722;10.5979;14.2942;14.2942;221;48;74;75;
123;треугольник    ;2;37.8722;10.5979;14.2942;14.2942;222;49;50;76;
124;треугольник    ;2;37.8722;10.5979;14.2942;14.2942;223;49;75;76;
125;треугольник    ;2;37.8722;10.5979;14.2942;14.2942;224;50;51;78;
126;треугольник    ;1;26.929;6.6149;16.2839;16.2839;225;50;76;77;
127;треугольник    ;1;26.929;6.6149;16.2839;16.2839;226;50;77;78;
128;треугольник    ;2;37.8722;10.5979;14.2942;14.2942;227;51;52;79;
129;треугольник    ;2;37.8722;10.5979;14.2942;14.2942;228;51;78;79;
130;треугольник    ;2;37.8722;10.5979;14.2942;14.2942;229;52;53;80;
131;треугольник    ;2;37.8722;10.5979;14.2942;14.2942;230;52;79;80;
132;треугольник    ;2;37.8722;10.5979;14.2942;14.2942;231;53;54;81;
133;треугольник    ;2;37.8722;10.5979;14.2942;14.2942;232;53;80;81;
134;треугольник    ;2;37.8722;10.5979;14.2942;14.2942;233;54;55;83;
135;треугольник    ;1;26.929;6.6149;16.2839;16.2839;234;54;81;82;
136;треугольник    ;1;26.929;6.6149;16.2839;16.2839;235;54;82;83;
137;треугольник    ;2;37.8722;10.5979;14.2942;14.2942;236;55;56;84;
138;треугольник    ;2;37.8722;10.5979;14.2942;14.2942;237;55;83;84;
139;треугольник    ;2;37.8722;10.5979;14.2942;14.2942;238;56;57;85;
140;треугольник    ;2;37.8722;10.5979;14.2942;14.2942;239;56;84;85;
141;треугольник    ;2;37.8722;10.5979;14.2942;14.2942;240;57;58;86;
142;треугольник    ;2;37.8722;10.5979;14.2942;14.2942;241;57;85;86;
143;треугольник    ;2;37.8722;10.5979;14.2942;14.2942;242;58;59;88;
144;треугольник    ;1;26.929;6.6149;16.2839;16.2839;243;58;86;87;
145;треугольник    ;1;26.929;6.6149;16.2839;16.2839;244;58;87;88;
146;треугольник    ;2;37.8722;10.5979;14.2942;14.2942;245;59;60;89;
147;треугольник    ;2;37.8722;10.5979;14.2942;14.2942;246;59;88;89;
148;треугольник    ;2;37.8722;10.5979;14.2942;14.2942;247;60;61;90;
149;треугольник    ;2;37.8722;10.5979;14.2942;14.2942;248;60;89;90;
150;треугольник    ;2;37.8722;10.5979;14.2942;14.2942;249;61;90;91;
151;треугольник    ;1;26.929;6.6149;16.2839;16.2839;250;62;63;93;
152;треугольник    ;1;26.929;6.6149;16.2839;16.2839;251;62;91;127;
153;треугольник    ;1;26.929;6.6149;16.2839;16.2839;252;62;92;93;
154;треугольник    ;1;26.929;6.6149;16.2839;16.2839;253;62;92;127;
155;треугольник    ;2;37.8722;10.5979;14.2942;14.2942;254;63;64;94;
156;треугольник    ;2;37.8722;10.5979;14.2942;14.2942;255;63;93;94;
157;треугольник    ;1;26.929;6.6149;16.2839;16.2839;256;64;65;95;
158;треугольник    ;1;26.929;6.6149;16.2839;16.2839;257;64;94;95;
159;треугольник    ;2;37.8722;10.5979;14.2942;14.2942;258;65;66;96;
160;треугольник    ;1;26.929;6.6149;16.2839;16.2839;259;65;95;96;
161;треугольник    ;1;26.929;6.6149;16.2839;16.2839;260;66;67;97;
162;треугольник    ;2;37.8722;10.5979;14.2942;14.2942;261;66;96;97;
163;треугольник    ;1;26.929;6.6149;16.2839;16.2839;262;67;68;99;
164;треугольник    ;1;26.929;6.6149;16.2839;16.2839;263;67;97;98;
165;треугольник    ;1;26.929;6.6149;16.2839;16.2839;264;67;98;99;
166;треугольник    ;2;37.8722;10.5979;14.2942;14.2942;265;68;69;100;
167;треугольник    ;2;37.8722;10.5979;14.2942;14.2942;266;68;99;100;
168;треугольник    ;1;26.929;6.6149;16.2839;16.2839;267;69;70;101;
169;треугольник    ;1;26.929;6.6149;16.2839;16.2839;268;69;100;101;
170;треугольник    ;2;37.8722;10.5979;14.2942;14.2942;269;70;71;102;
171;треугольник    ;1;26.929;6.6149;16.2839;16.2839;270;70;101;102;
172;треугольник    ;1;26.929;6.6149;16.2839;16.2839;271;71;72;103;
173;треугольник    ;2;37.8722;10.5979;14.2942;14.2942;272;71;102;103;
174;треугольник    ;1;26.929;6.6149;16.2839;16.2839;273;72;73;105;
175;треугольник    ;1;26.929;6.6149;16.2839;16.2839;274;72;103;104;
176;треугольник    ;1;26.929;6.6149;16.2839;16.2839;275;72;104;105;
177;треугольник    ;2;37.8722;10.5979;14.2942;14.2942;276;73;74;106;
178;треугольник    ;2;37.8722;10.5979;14.2942;14.2942;277;73;105;106;
179;треугольник    ;1;26.929;6.6149;16.2839;16.2839;278;74;75;107;
180;треугольник    ;1;26.929;6.6149;16.2839;16.2839;279;74;106;107;
181;треугольник    ;2;37.8722;10.5979;14.2942;14.2942;280;75;76;108;
182;треугольник    ;1;26.929;6.6149;16.2839;16.2839;281;75;107;108;
183;треугольник    ;1;26.929;6.6149;16.2839;16.2839;282;76;77;109;
184;треугольник    ;2;37.8722;10.5979;14.2942;14.2942;283;76;108;109;
185;треугольник    ;1;26.929;6.6149;16.2839;16.2839;284;77;78;111;
186;треугольник    ;1;26.929;6.6149;16.2839;16.2839;285;77;109;110;
187;треугольник    ;1;26.929;6.6149;16.2839;16.2839;286;77;110;111;
188;треугольник    ;2;37.8722;10.5979;14.2942;14.2942;287;78;79;112;
189;треугольник    ;2;37.8722;10.5979;14.2942;14.2942;288;78;111;112;
190;треугольник    ;1;26.929;6.6149;16.2839;16.2839;289;79;80;113;
191;треугольник    ;1;26.929;6.6149;16.2839;16.2839;290;79;112;113;
192;треугольник    ;2;37.8722;10.5979;14.2942;14.2942;291;80;81;114;
193;треугольник    ;1;26.929;6.6149;16.2839;16.2839;292;80;113;114;
194;треугольник    ;1;26.929;6.6149;16.2839;16.2839;293;81;82;115;
195;треугольник    ;2;37.8722;10.5979;14.2942;14.2942;294;81;114;115;
196;треугольник    ;1;26.929;6.6149;16.2839;16.2839;295;82;83;117;
197;треугольник    ;1;26.929;6.6149;16.2839;16.2839;296;82;115;116;
198;треугольник    ;1;26.929;6.6149;16.2839;16.2839;297;82;116;117;
199;треугольник    ;2;37.8722;10.5979;14.2942;14.2942;298;83;84;118;
200;треугольник    ;2;37.8722;10.5979;14.2942;14.2942;299;83;117;118;
201;треугольник    ;1;26.929;6.6149;16.2839;16.2839;300;84;85;119;
202;треугольник    ;1;26.929;6.6149;16.2839;16.2839;301;84;118;119;
203;треугольник    ;2;37.8722;10.5979;14.2942;14.2942;302;85;86;120;
204;треугольник    ;1;26.929;6.6149;16.2839;16.2839;303;85;119;120;
205;треугольник    ;1;26.929;6.6149;16.2839;16.2839;304;86;87;121;
206;треугольник    ;2;37.8722;10.5979;14.2942;14.2942;305;86;120;121;
207;треугольник    ;1;26.929;6.6149;16.2839;16.2839;306;87;88;123;
208;треугольник    ;1;26.929;6.6149;16.2839;16.2839;307;87;121;122;
209;треугольник    ;1;26.929;6.6149;16.2839;16.2839;308;87;122;123;
210;треугольник    ;2;37.8722;10.5979;14.2942;14.2942;309;88;89;124;
211;треугольник    ;2;37.8722;10.5979;14.2942;14.2942;310;88;123;124;
212;треугольник    ;1;26.929;6.6149;16.2839;16.2839;311;89;90;125;
213;треугольник    ;1;26.929;6.6149;16.2839;16.2839;312;89;124;125;
214;треугольник    ;2;37.8722;10.5979;14.2942;14.2942;313;90;91;126;
215;треугольник    ;1;26.929;6.6149;16.2839;16.2839;314;90;125;126;
216;треугольник    ;2;37.8722;10.5979;14.2942;14.2942;315;91;126;127;
217;треугольник    ;2;37.8722;10.5979;14.2942;14.2942;316;92;93;129;
218;треугольник    ;2;37.8722;10.5979;14.2942;14.2942;317;92;127;169;
219;треугольник    ;2;37.8722;10.5979;14.2942;14.2942;318;92;128;129;
220;треугольник    ;2;37.8722;10.5979;14.2942;14.2942;319;92;128;169;
221;треугольник    ;2;37.8722;10.5979;14.2942;14.2942;320;93;94;130;
222;треугольник    ;2;37.8722;10.5979;14.2942;14.2942;321;93;129;130;
223;треугольник    ;1;26.929;6.6149;16.2839;16.2839;322;94;95;131;
224;треугольник    ;2;37.8722;10.5979;14.2942;14.2942;323;94;130;131;
225;треугольник    ;1;26.929;6.6149;16.2839;16.2839;324;95;96;132;
226;треугольник    ;1;26.929;6.6149;16.2839;16.2839;325;95;131;132;
227;треугольник    ;2;37.8722;10.5979;14.2942;14.2942;326;96;97;133;
228;треугольник    ;2;37.8722;10.5979;14.2942;14.2942;327;96;132;133;
229;треугольник    ;2;37.8722;10.5979;14.2942;14.2942;328;97;98;134;
230;треугольник    ;2;37.8722;10.5979;14.2942;14.2942;329;97;133;134;
231;треугольник    ;2;37.8722;10.5979;14.2942;14.2942;330;98;99;136;
232;треугольник    ;2;37.8722;10.5979;14.2942;14.2942;331;98;134;135;
233;треугольник    ;2;37.8722;10.5979;14.2942;14.2942;332;98;135;136;
234;треугольник    ;2;37.8722;10.5979;14.2942;14.2942;333;99;100;137;
235;треугольник    ;2;37.8722;10.5979;14.2942;14.2942;334;99;136;137;
236;треугольник    ;1;26.929;6.6149;16.2839;16.2839;335;100;101;138;
237;треугольник    ;2;37.8722;10.5979;14.2942;14.2942;336;100;137;138;
238;треугольник    ;1;26.929;6.6149;16.2839;16.2839;337;101;102;139;
239;треугольник    ;1;26.929;6.6149;16.2839;16.2839;338;101;138;139;
240;треугольник    ;2;37.8722;10.5979;14.2942;14.2942;339;102;103;140;
241;треугольник    ;2;37.8722;10.5979;14.2942;14.2942;340;102;139;140;
242;треугольник    ;2;37.8722;10.5979;14.2942;14.2942;341;103;104;141;
243;треугольник    ;2;37.8722;10.5979;14.2942;14.2942;342;103;140;141;
244;треугольник    ;2;37.8722;10.5979;14.2942;14.2942;343;104;105;143;
245;треугольник    ;2;37.8722;10.5979;14.2942;14.2942;344;104;141;142;
246;треугольник    ;2;37.8722;10.5979;14.2942;14.2942;345;104;142;143;
247;треугольник    ;2;37.8722;10.5979;14.2942;14.2942;346;105;106;144;
248;треугольник    ;2;37.8722;10.5979;14.2942;14.2942;347;105;143;144;
249;треугольник    ;1;26.929;6.6149;16.2839;16.2839;348;106;107;145;
250;треугольник    ;2;37.8722;10.5979;14.2942;14.2942;349;106;144;145;
251;треугольник    ;1;26.929;6.6149;16.2839;16.2839;350;107;108;146;
252;треугольник    ;1;26.929;6.6149;16.2839;16.2839;351;107;145;146;
253;треугольник    ;2;37.8722;10.5979;14.2942;14.2942;352;108;109;147;
254;треугольник    ;2;37.8722;10.5979;14.2942;14.2942;353;108;146;147;
255;треугольник    ;2;37.8722;10.5979;14.2942;14.2942;354;109;110;148;
256;треугольник    ;2;37.8722;10.5979;14.2942;14.2942;355;109;147;148;
257;треугольник    ;2;37.8722;10.5979;14.2942;14.2942;356;110;111;150;
258;треугольник    ;2;37.8722;10.5979;14.2942;14.2942;357;110;148;149;
259;треугольник    ;2;37.8722;10.5979;14.2942;14.2942;358;110;149;150;
260;треугольник    ;2;37.8722;10.5979;14.2942;14.2942;359;111;112;151;
261;треугольник    ;2;37.8722;10.5979;14.2942;14.2942;360;111;150;151;
262;треугольник    ;1;26.929;6.6149;16.2839;16.2839;361;112;113;152;
263;треугольник    ;2;37.8722;10.5979;14.2942;14.2942;362;112;151;152;
264;треугольник    ;1;26.929;6.6149;16.2839;16.2839;363;113;114;153;
265;треугольник    ;1;26.929;6.6149;16.2839;16.2839;364;113;152;153;
266;треугольник    ;2;37.8722;10.5979;14.2942;14.2942;365;114;115;154;
267;треугольник    ;2;37.8722;10.5979;14.2942;14.2942;366;114;153;154;
268;треугольник    ;2;37.8722;10.5979;14.2942;14.2942;367;115;116;155;
269;треугольник    ;2;37.8722;10.5979;14.2942;14.2942;368;115;154;155;
270;треугольник    ;2;37.8722;10.5979;14.2942;14.2942;369;116;117;157;
271;треугольник    ;2;37.8722;10.5979;14.2942;14.2942;370;116;155;156;
272;треугольник    ;2;37.8722;10.5979;14.2942;14.2942;371;116;156;157;
273;треугольник    ;2;37.8722;10.5979;14.2942;14.2942;372;117;118;158;
274;треугольник    ;2;37.8722;10.5979;14.2942;14.2942;373;117;157;158;
275;треугольник    ;1;26.929;6.6149;16.2839;16.2839;374;118;119;159;
276;треугольник    ;2;37.8722;10.5979;14.2942;14.2942;375;118;158;159;
277;треугольник    ;1;26.929;6.6149;16.2839;16.2839;376;119;120;160;
278;треугольник    ;1;26.929;6.6149;16.2839;16.2839;377;119;159;160;
279;треугольник    ;2;37.8722;10.5979;14.2942;14.2942;378;120;121;161;
280;треугольник    ;2;37.8722;10.5979;14.2942;14.2942;379;120;160;161;
281;треугольник    ;2;37.8722;10.5979;14.2942;14.2942;380;121;122;162;
282;треугольник    ;2;37.8722;10.5979;14.2942;14.2942;381;121;161;162;
283;треугольник    ;2;37.8722;10.5979;14.2942;14.2942;382;122;123;164;
284;треугольник    ;2;37.8722;10.5979;14.2942;14.2942;383;122;162;163;
285;треугольник    ;2;37.8722;10.5979;14.2942;14.2942;384;122;163;164;
286;треугольник    ;2;37.8722;10.5979;14.2942;14.2942;385;123;124;165;
287;треугольник    ;2;37.8722;10.5979;14.2942;14.2942;386;123;164;165;
288;треугольник    ;1;26.929;6.6149;16.2839;16.2839;387;124;125;166;
289;треугольник    ;2;37.8722;10.5979;14.2942;14.2942;388;124;165;166;
290;треугольник    ;1;26.929;6.6149;16.2839;16.2839;389;125;126;167;
291;треугольник    ;1;26.929;6.6149;16.2839;16.2839;390;125;166;167;
292;треугольник    ;2;37.8722;10.5979;14.2942;14.2942;391;126;127;168;
293;треугольник    ;2;37.8722;10.5979;14.2942;14.2942;392;126;167;168;
294;треугольник    ;2;37.8722;10.5979;14.2942;14.2942;393;127;168;169;
295;треугольник    ;2;37.8722;10.5979;14.2942;14.2942;394;128;129;171;
296;треугольник    ;2;37.8722;10.5979;14.2942;14.2942;395;128;169;217;
297;треугольник    ;2;37.8722;10.5979;14.2942;14.2942;396;128;170;171;
298;треугольник    ;2;37.8722;10.5979;14.2942;14.2942;397;128;170;217;
299;треугольник    ;2;37.8722;10.5979;14.2942;14.2942;398;129;130;172;
300;треугольник    ;2;37.8722;10.5979;14.2942;14.2942;399;129;171;172;
301;треугольник    ;2;37.8722;10.5979;14.2942;14.2942;400;130;131;173;
302;треугольник    ;2;37.8722;10.5979;14.2942;14.2942;401;130;172;173;
303;треугольник    ;2;37.8722;10.5979;14.2942;14.2942;402;131;132;174;
304;треугольник    ;2;37.8722;10.5979;14.2942;14.2942;403;131;173;174;
305;треугольник    ;2;37.8722;10.5979;14.2942;14.2942;404;132;133;175;
306;треугольник    ;2;37.8722;10.5979;14.2942;14.2942;405;132;174;175;
307;треугольник    ;2;37.8722;10.5979;14.2942;14.2942;406;133;134;176;
308;треугольник    ;2;37.8722;10.5979;14.2942;14.2942;407;133;175;176;
309;треугольник    ;2;37.8722;10.5979;14.2942;14.2942;408;134;135;177;
310;треугольник    ;2;37.8722;10.5979;14.2942;14.2942;409;134;176;177;
311;треугольник    ;2;37.8722;10.5979;14.2942;14.2942;410;135;136;179;
312;треугольник    ;2;37.8722;10.5979;14.2942;14.2942;411;135;177;178;
313;треугольник    ;2;37.8722;10.5979;14.2942;14.2942;412;135;178;179;
314;треугольник    ;2;37.8722;10.5979;14.2942;14.2942;413;136;137;180;
315;треугольник    ;2;37.8722;10.5979;14.2942;14.2942;414;136;179;180;
316;треугольник    ;2;37.8722;10.5979;14.2942;14.2942;415;137;138;181;
317;треугольник    ;2;37.8722;10.5979;14.2942;14.2942;416;137;180;181;
318;треугольник    ;2;37.8722;10.5979;14.2942;14.2942;417;138;139;182;
319;треугольник    ;2;37.8722;10.5979;14.2942;14.2942;418;138;181;182;
320;треугольник    ;2;37.8722;10.5979;14.2942;14.2942;419;139;140;183;
321;треугольник    ;2;37.8722;10.5979;14.2942;14.2942;420;139;182;183;
322;треугольник    ;2;37.8722;10.5979;14.2942;14.2942;421;140;141;184;
323;треугольник    ;2;37.8722;10.5979;14.2942;14.2942;422;140;183;184;
324;треугольник    ;2;37.8722;10.5979;14.2942;14.2942;423;141;142;185;
325;треугольник    ;2;37.8722;10.5979;14.2942;14.2942;424;141;184;185;
326;треугольник    ;2;37.8722;10.5979;14.2942;14.2942;425;142;143;187;
327;треугольник    ;2;37.8722;10.5979;14.2942;14.2942;426;142;185;186;
328;треугольник    ;2;37.8722;10.5979;14.2942;14.2942;427;142;186;187;
329;треугольник    ;2;37.8722;10.5979;14.2942;14.2942;428;143;144;188;
330;треугольник    ;2;37.8722;10.5979;14.2942;14.2942;429;143;187;188;
331;треугольник    ;2;37.8722;10.5979;14.2942;14.2942;430;144;145;189;
332;треугольник    ;2;37.8722;10.5979;14.2942;14.2942;431;144;188;189;
333;треугольник    ;2;37.8722;10.5979;14.2942;14.2942;432;145;146;190;
334;треугольник    ;2;37.8722;10.5979;14.2942;14.2942;433;145;189;190;
335;треугольник    ;2;37.8722;10.5979;14.2942;14.2942;434;146;147;191;
336;треугольник    ;2;37.8722;10.5979;14.2942;14.2942;435;146;190;191;
337;треугольник    ;2;37.8722;10.5979;14.2942;14.2942;436;147;148;192;
338;треугольник    ;2;37.8722;10.5979;14.2942;14.2942;437;147;191;192;
339;треугольник    ;2;37.8722;10.5979;14.2942;14.2942;438;148;149;193;
340;треугольник    ;2;37.8722;10.5979;14.2942;14.2942;439;148;192;193;
341;треугольник    ;2;37.8722;10.5979;14.2942;14.2942;440;149;150;195;
342;треугольник    ;2;37.8722;10.5979;14.2942;14.2942;441;149;193;194;
343;треугольник    ;2;37.8722;10.5979;14.2942;14.2942;442;149;194;195;
344;треугольник    ;2;37.8722;10.5979;14.2942;14.2942;443;150;151;196;
345;треугольник    ;2;37.8722;10.5979;14.2942;14.2942;444;150;195;196;
346;треугольник    ;2;37.8722;10.5979;14.2942;14.2942;445;151;152;197;
347;треугольник    ;2;37.8722;10.5979;14.2942;14.2942;446;151;196;197;
348;треугольник    ;2;37.8722;10.5979;14.2942;14.2942;447;152;153;198;
349;треугольник    ;2;37.8722;10.5979;14.2942;14.2942;448;152;197;198;
350;треугольник    ;2;37.8722;10.5979;14.2942;14.2942;449;153;154;199;
351;треугольник    ;2;37.8722;10.5979;14.2942;14.2942;450;153;198;199;
352;треугольник    ;2;37.8722;10.5979;14.2942;14.2942;451;154;155;200;
353;треугольник    ;2;37.8722;10.5979;14.2942;14.2942;452;154;199;200;
354;треугольник    ;2;37.8722;10.5979;14.2942;14.2942;453;155;156;201;
355;треугольник    ;2;37.8722;10.5979;14.2942;14.2942;454;155;200;201;
356;треугольник    ;2;37.8722;10.5979;14.2942;14.2942;455;156;157;203;
357;треугольник    ;2;37.8722;10.5979;14.2942;14.2942;456;156;201;202;
358;треугольник    ;2;37.8722;10.5979;14.2942;14.2942;457;156;202;203;
359;треугольник    ;2;37.8722;10.5979;14.2942;14.2942;458;157;158;204;
360;треугольник    ;2;37.8722;10.5979;14.2942;14.2942;459;157;203;204;
361;треугольник    ;2;37.8722;10.5979;14.2942;14.2942;460;158;159;205;
362;треугольник    ;2;37.8722;10.5979;14.2942;14.2942;461;158;204;205;
363;треугольник    ;2;37.8722;10.5979;14.2942;14.2942;462;159;160;206;
364;треугольник    ;2;37.8722;10.5979;14.2942;14.2942;463;159;205;206;
365;треугольник    ;2;37.8722;10.5979;14.2942;14.2942;464;160;161;207;
366;треугольник    ;2;37.8722;10.5979;14.2942;14.2942;465;160;206;207;
367;треугольник    ;2;37.8722;10.5979;14.2942;14.2942;466;161;162;208;
368;треугольник    ;2;37.8722;10.5979;14.2942;14.2942;467;161;207;208;
369;треугольник    ;2;37.8722;10.5979;14.2942;14.2942;468;162;163;209;
370;треугольник    ;2;37.8722;10.5979;14.2942;14.2942;469;162;208;209;
371;треугольник    ;2;37.8722;10.5979;14.2942;14.2942;470;163;164;211;
372;треугольник    ;2;37.8722;10.5979;14.2942;14.2942;471;163;209;210;
373;треугольник    ;2;37.8722;10.5979;14.2942;14.2942;472;163;210;211;
374;треугольник    ;2;37.8722;10.5979;14.2942;14.2942;473;164;165;212;
375;треугольник    ;2;37.8722;10.5979;14.2942;14.2942;474;164;211;212;
376;треугольник    ;2;37.8722;10.5979;14.2942;14.2942;475;165;166;213;
377;треугольник    ;2;37.8722;10.5979;14.2942;14.2942;476;165;212;213;
378;треугольник    ;2;37.8722;10.5979;14.2942;14.2942;477;166;167;214;
379;треугольник    ;2;37.8722;10.5979;14.2942;14.2942;478;166;213;214;
380;треугольник    ;2;37.8722;10.5979;14.2942;14.2942;479;167;168;215;
381;треугольник    ;2;37.8722;10.5979;14.2942;14.2942;480;167;214;215;
382;треугольник    ;2;37.8722;10.5979;14.2942;14.2942;481;168;169;216;
383;треугольник    ;2;37.8722;10.5979;14.2942;14.2942;482;168;215;216;
384;треугольник    ;2;37.8722;10.5979;14.2942;14.2942;483;169;216;217;
385;треугольник    ;2;37.8722;10.5979;14.2942;14.2942;484;170;171;219;
386;треугольник    ;2;37.8722;10.5979;14.2942;14.2942;485;170;217;271;
387;треугольник    ;2;37.8722;10.5979;14.2942;14.2942;486;170;218;219;
388;треугольник    ;2;37.8722;10.5979;14.2942;14.2942;487;170;218;271;
389;треугольник    ;2;37.8722;10.5979;14.2942;14.2942;488;171;172;220;
390;треугольник    ;2;37.8722;10.5979;14.2942;14.2942;489;171;219;220;
391;треугольник    ;2;37.8722;10.5979;14.2942;14.2942;490;172;173;221;
392;треугольник    ;2;37.8722;10.5979;14.2942;14.2942;491;172;220;221;
393;треугольник    ;2;37.8722;10.5979;14.2942;14.2942;492;173;174;222;
394;треугольник    ;2;37.8722;10.5979;14.2942;14.2942;493;173;221;222;
395;треугольник    ;2;37.8722;10.5979;14.2942;14.2942;494;174;175;223;
396;треугольник    ;2;37.8722;10.5979;14.2942;14.2942;495;174;222;223;
397;треугольник    ;2;37.8722;10.5979;14.2942;14.2942;496;175;176;224;
398;треугольник    ;2;37.8722;10.5979;14.2942;14.2942;497;175;223;224;
399;треугольник    ;2;37.8722;10.5979;14.2942;14.2942;498;176;177;225;
400;треугольник    ;2;37.8722;10.5979;14.2942;14.2942;499;176;224;225;
401;треугольник    ;2;37.8722;10.5979;14.2942;14.2942;500;177;178;226;
402;треугольник    ;2;37.8722;10.5979;14.2942;14.2942;501;177;225;226;
403;треугольник    ;2;37.8722;10.5979;14.2942;14.2942;502;178;179;228;
404;треугольник    ;2;37.8722;10.5979;14.2942;14.2942;503;178;226;227;
405;треугольник    ;2;37.8722;10.5979;14.2942;14.2942;504;178;227;228;
406;треугольник    ;2;37.8722;10.5979;14.2942;14.2942;505;179;180;229;
407;треугольник    ;2;37.8722;10.5979;14.2942;14.2942;506;179;228;229;
408;треугольник    ;2;37.8722;10.5979;14.2942;14.2942;507;180;181;230;
409;треугольник    ;2;37.8722;10.5979;14.2942;14.2942;508;180;229;230;
410;треугольник    ;2;37.8722;10.5979;14.2942;14.2942;509;181;182;231;
411;треугольник    ;2;37.8722;10.5979;14.2942;14.2942;510;181;230;231;
412;треугольник    ;2;37.8722;10.5979;14.2942;14.2942;511;182;183;232;
413;треугольник    ;2;37.8722;10.5979;14.2942;14.2942;512;182;231;232;
414;треугольник    ;2;37.8722;10.5979;14.2942;14.2942;513;183;184;233;
415;треугольник    ;2;37.8722;10.5979;14.2942;14.2942;514;183;232;233;
416;треугольник    ;2;37.8722;10.5979;14.2942;14.2942;515;184;185;234;
417;треугольник    ;2;37.8722;10.5979;14.2942;14.2942;516;184;233;234;
418;треугольник    ;2;37.8722;10.5979;14.2942;14.2942;517;185;186;235;
419;треугольник    ;2;37.8722;10.5979;14.2942;14.2942;518;185;234;235;
420;треугольник    ;2;37.8722;10.5979;14.2942;14.2942;519;186;187;237;
421;треугольник    ;2;37.8722;10.5979;14.2942;14.2942;520;186;235;236;
422;треугольник    ;2;37.8722;10.5979;14.2942;14.2942;521;186;236;237;
423;треугольник    ;2;37.8722;10.5979;14.2942;14.2942;522;187;188;238;
424;треугольник    ;2;37.8722;10.5979;14.2942;14.2942;523;187;237;238;
425;треугольник    ;2;37.8722;10.5979;14.2942;14.2942;524;188;189;239;
426;треугольник    ;2;37.8722;10.5979;14.2942;14.2942;525;188;238;239;
427;треугольник    ;2;37.8722;10.5979;14.2942;14.2942;526;189;190;240;
428;треугольник    ;2;37.8722;10.5979;14.2942;14.2942;527;189;239;240;
429;треугольник    ;2;37.8722;10.5979;14.2942;14.2942;528;190;191;241;
430;треугольник    ;2;37.8722;10.5979;14.2942;14.2942;529;190;240;241;
431;треугольник    ;2;37.8722;10.5979;14.2942;14.2942;530;191;192;242;
432;треугольник    ;2;37.8722;10.5979;14.2942;14.2942;531;191;241;242;
433;треугольник    ;2;37.8722;10.5979;14.2942;14.2942;532;192;193;243;
434;треугольник    ;2;37.8722;10.5979;14.2942;14.2942;533;192;242;243;
435;треугольник    ;2;37.8722;10.5979;14.2942;14.2942;534;193;194;244;
436;треугольник    ;2;37.8722;10.5979;14.2942;14.2942;535;193;243;244;
437;треугольник    ;2;37.8722;10.5979;14.2942;14.2942;536;194;195;246;
438;треугольник    ;2;37.8722;10.5979;14.2942;14.2942;537;194;244;245;
439;треугольник    ;2;37.8722;10.5979;14.2942;14.2942;538;194;245;246;
440;треугольник    ;2;37.8722;10.5979;14.2942;14.2942;539;195;196;247;
441;треугольник    ;2;37.8722;10.5979;14.2942;14.2942;540;195;246;247;
442;треугольник    ;2;37.8722;10.5979;14.2942;14.2942;541;196;197;248;
443;треугольник    ;2;37.8722;10.5979;14.2942;14.2942;542;196;247;248;
444;треугольник    ;2;37.8722;10.5979;14.2942;14.2942;543;197;198;249;
445;треугольник    ;2;37.8722;10.5979;14.2942;14.2942;544;197;248;249;
446;треугольник    ;2;37.8722;10.5979;14.2942;14.2942;545;198;199;250;
447;треугольник    ;2;37.8722;10.5979;14.2942;14.2942;546;198;249;250;
448;треугольник    ;2;37.8722;10.5979;14.2942;14.2942;547;199;200;251;
449;треугольник    ;2;37.8722;10.5979;14.2942;14.2942;548;199;250;251;
450;треугольник    ;2;37.8722;10.5979;14.2942;14.2942;549;200;201;252;
451;треугольник    ;2;37.8722;10.5979;14.2942;14.2942;550;200;251;252;
452;треугольник    ;2;37.8722;10.5979;14.2942;14.2942;551;201;202;253;
453;треугольник    ;2;37.8722;10.5979;14.2942;14.2942;552;201;252;253;
454;треугольник    ;2;37.8722;10.5979;14.2942;14.2942;553;202;203;255;
455;треугольник    ;2;37.8722;10.5979;14.2942;14.2942;554;202;253;254;
456;треугольник    ;2;37.8722;10.5979;14.2942;14.2942;555;202;254;255;
457;треугольник    ;2;37.8722;10.5979;14.2942;14.2942;556;203;204;256;
458;треугольник    ;2;37.8722;10.5979;14.2942;14.2942;557;203;255;256;
459;треугольник    ;2;37.8722;10.5979;14.2942;14.2942;558;204;205;257;
460;треугольник    ;2;37.8722;10.5979;14.2942;14.2942;559;204;256;257;
461;треугольник    ;2;37.8722;10.5979;14.2942;14.2942;560;205;206;258;
462;треугольник    ;2;37.8722;10.5979;14.2942;14.2942;561;205;257;258;
463;треугольник    ;2;37.8722;10.5979;14.2942;14.2942;562;206;207;259;
464;треугольник    ;2;37.8722;10.5979;14.2942;14.2942;563;206;258;259;
465;треугольник    ;2;37.8722;10.5979;14.2942;14.2942;564;207;208;260;
466;треугольник    ;2;37.8722;10.5979;14.2942;14.2942;565;207;259;260;
467;треугольник    ;2;37.8722;10.5979;14.2942;14.2942;566;208;209;261;
468;треугольник    ;2;37.8722;10.5979;14.2942;14.2942;567;208;260;261;
469;треугольник    ;2;37.8722;10.5979;14.2942;14.2942;568;209;210;262;
470;треугольник    ;2;37.8722;10.5979;14.2942;14.2942;569;209;261;262;
471;треугольник    ;2;37.8722;10.5979;14.2942;14.2942;570;210;211;264;
472;треугольник    ;2;37.8722;10.5979;14.2942;14.2942;571;210;262;263;
473;треугольник    ;2;37.8722;10.5979;14.2942;14.2942;572;210;263;264;
474;треугольник    ;2;37.8722;10.5979;14.2942;14.2942;573;211;212;265;
475;треугольник    ;2;37.8722;10.5979;14.2942;14.2942;574;211;264;265;
476;треугольник    ;2;37.8722;10.5979;14.2942;14.2942;575;212;213;266;
477;треугольник    ;2;37.8722;10.5979;14.2942;14.2942;576;212;265;266;
478;треугольник    ;2;37.8722;10.5979;14.2942;14.2942;577;213;214;267;
479;треугольник    ;2;37.8722;10.5979;14.2942;14.2942;578;213;266;267;
480;треугольник    ;2;37.8722;10.5979;14.2942;14.2942;579;214;215;268;
481;треугольник    ;2;37.8722;10.5979;14.2942;14.2942;580;214;267;268;
482;треугольник    ;2;37.8722;10.5979;14.2942;14.2942;581;215;216;269;
483;треугольник    ;2;37.8722;10.5979;14.2942;14.2942;582;215;268;269;
484;треугольник    ;2;37.8722;10.5979;14.2942;14.2942;583;216;217;270;
485;треугольник    ;2;37.8722;10.5979;14.2942;14.2942;584;216;269;270;
486;треугольник    ;2;37.8722;10.5979;14.2942;14.2942;585;217;270;271;
487;треугольник    ;2;37.8722;10.5979;14.2942;14.2942;586;218;219;273;
488;треугольник    ;2;37.8722;10.5979;14.2942;14.2942;587;218;271;331;
489;треугольник    ;2;37.8722;10.5979;14.2942;14.2942;588;218;272;273;
490;треугольник    ;2;37.8722;10.5979;14.2942;14.2942;589;218;272;331;
491;треугольник    ;2;37.8722;10.5979;14.2942;14.2942;590;219;220;274;
492;треугольник    ;2;37.8722;10.5979;14.2942;14.2942;591;219;273;274;
493;треугольник    ;2;37.8722;10.5979;14.2942;14.2942;592;220;221;275;
494;треугольник    ;2;37.8722;10.5979;14.2942;14.2942;593;220;274;275;
495;треугольник    ;2;37.8722;10.5979;14.2942;14.2942;594;221;222;276;
496;треугольник    ;2;37.8722;10.5979;14.2942;14.2942;595;221;275;276;
497;треугольник    ;2;37.8722;10.5979;14.2942;14.2942;596;222;223;277;
498;треугольник    ;2;37.8722;10.5979;14.2942;14.2942;597;222;276;277;
499;треугольник    ;2;37.8722;10.5979;14.2942;14.2942;598;223;224;278;
500;треугольник    ;2;37.8722;10.5979;14.2942;14.2942;599;223;277;278;
501;треугольник    ;2;37.8722;10.5979;14.2942;14.2942;600;224;225;279;
502;треугольник    ;2;37.8722;10.5979;14.2942;14.2942;601;224;278;279;
503;треугольник    ;2;37.8722;10.5979;14.2942;14.2942;602;225;226;280;
504;треугольник    ;2;37.8722;10.5979;14.2942;14.2942;603;225;279;280;
505;треугольник    ;2;37.8722;10.5979;14.2942;14.2942;604;226;227;281;
506;треугольник    ;2;37.8722;10.5979;14.2942;14.2942;605;226;280;281;
507;треугольник    ;2;37.8722;10.5979;14.2942;14.2942;606;227;228;283;
508;треугольник    ;2;37.8722;10.5979;14.2942;14.2942;607;227;281;282;
509;треугольник    ;2;37.8722;10.5979;14.2942;14.2942;608;227;282;283;
510;треугольник    ;2;37.8722;10.5979;14.2942;14.2942;609;228;229;284;
511;треугольник    ;2;37.8722;10.5979;14.2942;14.2942;610;228;283;284;
512;треугольник    ;2;37.8722;10.5979;14.2942;14.2942;611;229;230;285;
513;треугольник    ;2;37.8722;10.5979;14.2942;14.2942;612;229;284;285;
514;треугольник    ;2;37.8722;10.5979;14.2942;14.2942;613;230;231;286;
515;треугольник    ;2;37.8722;10.5979;14.2942;14.2942;614;230;285;286;
516;треугольник    ;2;37.8722;10.5979;14.2942;14.2942;615;231;232;287;
517;треугольник    ;2;37.8722;10.5979;14.2942;14.2942;616;231;286;287;
518;треугольник    ;2;37.8722;10.5979;14.2942;14.2942;617;232;233;288;
519;треугольник    ;2;37.8722;10.5979;14.2942;14.2942;618;232;287;288;
520;треугольник    ;2;37.8722;10.5979;14.2942;14.2942;619;233;234;289;
521;треугольник    ;2;37.8722;10.5979;14.2942;14.2942;620;233;288;289;
522;треугольник    ;2;37.8722;10.5979;14.2942;14.2942;621;234;235;290;
523;треугольник    ;2;37.8722;10.5979;14.2942;14.2942;622;234;289;290;
524;треугольник    ;2;37.8722;10.5979;14.2942;14.2942;623;235;236;291;
525;треугольник    ;2;37.8722;10.5979;14.2942;14.2942;624;235;290;291;
526;треугольник    ;2;37.8722;10.5979;14.2942;14.2942;625;236;237;293;
527;треугольник    ;2;37.8722;10.5979;14.2942;14.2942;626;236;291;292;
528;треугольник    ;2;37.8722;10.5979;14.2942;14.2942;627;236;292;293;
529;треугольник    ;2;37.8722;10.5979;14.2942;14.2942;628;237;238;294;
530;треугольник    ;2;37.8722;10.5979;14.2942;14.2942;629;237;293;294;
531;треугольник    ;2;37.8722;10.5979;14.2942;14.2942;630;238;239;295;
532;треугольник    ;2;37.8722;10.5979;14.2942;14.2942;631;238;294;295;
533;треугольник    ;2;37.8722;10.5979;14.2942;14.2942;632;239;240;296;
534;треугольник    ;2;37.8722;10.5979;14.2942;14.2942;633;239;295;296;
535;треугольник    ;2;37.8722;10.5979;14.2942;14.2942;634;240;241;297;
536;треугольник    ;2;37.8722;10.5979;14.2942;14.2942;635;240;296;297;
537;треугольник    ;2;37.8722;10.5979;14.2942;14.2942;636;241;242;298;
538;треугольник    ;2;37.8722;10.5979;14.2942;14.2942;637;241;297;298;
539;треугольник    ;2;37.8722;10.5979;14.2942;14.2942;638;242;243;299;
540;треугольник    ;2;37.8722;10.5979;14.2942;14.2942;639;242;298;299;
541;треугольник    ;2;37.8722;10.5979;14.2942;14.2942;640;243;244;300;
542;треугольник    ;2;37.8722;10.5979;14.2942;14.2942;641;243;299;300;
543;треугольник    ;2;37.8722;10.5979;14.2942;14.2942;642;244;245;301;
544;треугольник    ;2;37.8722;10.5979;14.2942;14.2942;643;244;300;301;
545;треугольник    ;2;37.8722;10.5979;14.2942;14.2942;644;245;246;303;
546;треугольник    ;2;37.8722;10.5979;14.2942;14.2942;645;245;301;302;
547;треугольник    ;2;37.8722;10.5979;14.2942;14.2942;646;245;302;303;
548;треугольник    ;2;37.8722;10.5979;14.2942;14.2942;647;246;247;304;
549;треугольник    ;2;37.8722;10.5979;14.2942;14.2942;648;246;303;304;
550;треугольник    ;2;37.8722;10.5979;14.2942;14.2942;649;247;248;305;
551;треугольник    ;2;37.8722;10.5979;14.2942;14.2942;650;247;304;305;
552;треугольник    ;2;37.8722;10.5979;14.2942;14.2942;651;248;249;306;
553;треугольник    ;2;37.8722;10.5979;14.2942;14.2942;652;248;305;306;
554;треугольник    ;2;37.8722;10.5979;14.2942;14.2942;653;249;250;307;
555;треугольник    ;2;37.8722;10.5979;14.2942;14.2942;654;249;306;307;
556;треугольник    ;2;37.8722;10.5979;14.2942;14.2942;655;250;251;308;
557;треугольник    ;2;37.8722;10.5979;14.2942;14.2942;656;250;307;308;
558;треугольник    ;2;37.8722;10.5979;14.2942;14.2942;657;251;252;309;
559;треугольник    ;2;37.8722;10.5979;14.2942;14.2942;658;251;308;309;
560;треугольник    ;2;37.8722;10.5979;14.2942;14.2942;659;252;253;310;
561;треугольник    ;2;37.8722;10.5979;14.2942;14.2942;660;252;309;310;
562;треугольник    ;2;37.8722;10.5979;14.2942;14.2942;661;253;254;311;
563;треугольник    ;2;37.8722;10.5979;14.2942;14.2942;662;253;310;311;
564;треугольник    ;2;37.8722;10.5979;14.2942;14.2942;663;254;255;313;
565;треугольник    ;2;37.8722;10.5979;14.2942;14.2942;664;254;311;312;
566;треугольник    ;2;37.8722;10.5979;14.2942;14.2942;665;254;312;313;
567;треугольник    ;2;37.8722;10.5979;14.2942;14.2942;666;255;256;314;
568;треугольник    ;2;37.8722;10.5979;14.2942;14.2942;667;255;313;314;
569;треугольник    ;2;37.8722;10.5979;14.2942;14.2942;668;256;257;315;
570;треугольник    ;2;37.8722;10.5979;14.2942;14.2942;669;256;314;315;
571;треугольник    ;2;37.8722;10.5979;14.2942;14.2942;670;257;258;316;
572;треугольник    ;2;37.8722;10.5979;14.2942;14.2942;671;257;315;316;
573;треугольник    ;2;37.8722;10.5979;14.2942;14.2942;672;258;259;317;
574;треугольник    ;2;37.8722;10.5979;14.2942;14.2942;673;258;316;317;
575;треугольник    ;2;37.8722;10.5979;14.2942;14.2942;674;259;260;318;
576;треугольник    ;2;37.8722;10.5979;14.2942;14.2942;675;259;317;318;
577;треугольник    ;2;37.8722;10.5979;14.2942;14.2942;676;260;261;319;
578;треугольник    ;2;37.8722;10.5979;14.2942;14.2942;677;260;318;319;
579;треугольник    ;2;37.8722;10.5979;14.2942;14.2942;678;261;262;320;
580;треугольник    ;2;37.8722;10.5979;14.2942;14.2942;679;261;319;320;
581;треугольник    ;2;37.8722;10.5979;14.2942;14.2942;680;262;263;321;
582;треугольник    ;2;37.8722;10.5979;14.2942;14.2942;681;262;320;321;
583;треугольник    ;2;37.8722;10.5979;14.2942;14.2942;682;263;264;323;
584;треугольник    ;2;37.8722;10.5979;14.2942;14.2942;683;263;321;322;
585;треугольник    ;2;37.8722;10.5979;14.2942;14.2942;684;263;322;323;
586;треугольник    ;2;37.8722;10.5979;14.2942;14.2942;685;264;265;324;
587;треугольник    ;2;37.8722;10.5979;14.2942;14.2942;686;264;323;324;
588;треугольник    ;2;37.8722;10.5979;14.2942;14.2942;687;265;266;325;
589;треугольник    ;2;37.8722;10.5979;14.2942;14.2942;688;265;324;325;
590;треугольник    ;2;37.8722;10.5979;14.2942;14.2942;689;266;267;326;
591;треугольник    ;2;37.8722;10.5979;14.2942;14.2942;690;266;325;326;
592;треугольник    ;2;37.8722;10.5979;14.2942;14.2942;691;267;268;327;
593;треугольник    ;2;37.8722;10.5979;14.2942;14.2942;692;267;326;327;
594;треугольник    ;2;37.8722;10.5979;14.2942;14.2942;693;268;269;328;
595;треугольник    ;2;37.8722;10.5979;14.2942;14.2942;694;268;327;328;
596;треугольник    ;2;37.8722;10.5979;14.2942;14.2942;695;269;270;329;
597;треугольник    ;2;37.8722;10.5979;14.2942;14.2942;696;269;328;329;
598;треугольник    ;2;37.8722;10.5979;14.2942;14.2942;697;270;271;330;
599;треугольник    ;2;37.8722;10.5979;14.2942;14.2942;698;270;329;330;
600;треугольник    ;2;37.8722;10.5979;14.2942;14.2942;699;271;330;331;
601;четырехугольник;3;75.3221;18.0665;16.6766;16.6766;700;272;273;333;332;
602;четырехугольник;3;75.3221;18.0665;16.6766;16.6766;701;272;331;391;332;
603;четырехугольник;4;64.1481;17.9507;14.2942;14.2942;702;273;274;334;333;
604;четырехугольник;4;64.1481;17.9507;14.2942;14.2942;703;274;275;335;334;
605;четырехугольник;4;64.1481;17.9507;14.2942;14.2942;704;275;276;336;335;
606;четырехугольник;4;64.1481;17.9507;14.2942;14.2942;705;276;277;337;336;
607;четырехугольник;4;64.1481;17.9507;14.2942;14.2942;706;277;278;338;337;
608;четырехугольник;4;64.1481;17.9507;14.2942;14.2942;707;278;279;339;338;
609;четырехугольник;4;64.1481;17.9507;14.2942;14.2942;708;279;280;340;339;
610;четырехугольник;4;64.1481;17.9507;14.2942;14.2942;709;280;281;341;340;
611;четырехугольник;3;75.3221;18.0665;16.6766;16.6766;710;281;282;342;341;
612;четырехугольник;3;75.3221;18.0665;16.6766;16.6766;711;282;283;343;342;
613;четырехугольник;4;64.1481;17.9507;14.2942;14.2942;712;283;284;344;343;
614;четырехугольник;4;64.1481;17.9507;14.2942;14.2942;713;284;285;345;344;
615;четырехугольник;4;64.1481;17.9507;14.2942;14.2942;714;285;286;346;345;
616;четырехугольник;4;64.1481;17.9507;14.2942;14.2942;715;286;287;347;346;
617;четырехугольник;4;64.1481;17.9507;14.2942;14.2942;716;287;288;348;347;
618;четырехугольник;4;64.1481;17.9507;14.2942;14.2942;717;288;289;349;348;
619;четырехугольник;4;64.1481;17.9507;14.2942;14.2942;718;289;290;350;349;
620;четырехугольник;4;64.1481;17.9507;14.2942;14.2942;719;290;291;351;350;
621;четырехугольник;3;75.3221;18.0665;16.6766;16.6766;720;291;292;352;351;
622;четырехугольник;3;75.3221;18.0665;16.6766;16.6766;721;292;293;353;352;
623;четырехугольник;4;64.1481;17.9507;14.2942;14.2942;722;293;294;354;353;
624;четырехугольник;4;64.1481;17.9507;14.2942;14.2942;723;294;295;355;354;
625;четырехугольник;4;64.1481;17.9507;14.2942;14.2942;724;295;296;356;355;
626;четырехугольник;4;64.1481;17.9507;14.2942;14.2942;725;296;297;357;356;
627;четырехугольник;4;64.1481;17.9507;14.2942;14.2942;726;297;298;358;357;
628;четырехугольник;4;64.1481;17.9507;14.2942;14.2942;727;298;299;359;358;
629;четырехугольник;4;64.1481;17.9507;14.2942;14.2942;728;299;300;360;359;
630;четырехугольник;4;64.1481;17.9507;14.2942;14.2942;729;300;301;361;360;
631;четырехугольник;3;75.3221;18.0665;16.6766;16.6766;730;301;302;362;361;
632;четырехугольник;3;75.3221;18.0665;16.6766;16.6766;731;302;303;363;362;
633;четырехугольник;4;64.1481;17.9507;14.2942;14.2942;732;303;304;364;363;
634;четырехугольник;4;64.1481;17.9507;14.2942;14.2942;733;304;305;365;364;
635;четырехугольник;4;64.1481;17.9507;14.2942;14.2942;734;305;306;366;365;
636;четырехугольник;4;64.1481;17.9507;14.2942;14.2942;735;306;307;367;366;
637;четырехугольник;4;64.1481;17.9507;14.2942;14.2942;736;307;308;368;367;
638;четырехугольник;4;64.1481;17.9507;14.2942;14.2942;737;308;309;369;368;
639;четырехугольник;4;64.1481;17.9507;14.2942;14.2942;738;309;310;370;369;
640;четырехугольник;4;64.1481;17.9507;14.2942;14.2942;739;310;311;371;370;
641;четырехугольник;3;75.3221;18.0665;16.6766;16.6766;740;311;312;372;371;
642;четырехугольник;3;75.3221;18.0665;16.6766;16.6766;741;312;313;373;372;
643;четырехугольник;4;64.1481;17.9507;14.2942;14.2942;742;313;314;374;373;
644;четырехугольник;4;64.1481;17.9507;14.2942;14.2942;743;314;315;375;374;
645;четырехугольник;4;64.1481;17.9507;14.2942;14.2942;744;315;316;376;375;
646;четырехугольник;4;64.1481;17.9507;14.2942;14.2942;745;316;317;377;376;
647;четырехугольник;4;64.1481;17.9507;14.2942;14.2942;746;317;318;378;377;
648;четырехугольник;4;64.1481;17.9507;14.2942;14.2942;747;318;319;379;378;
649;четырехугольник;4;64.1481;17.9507;14.2942;14.2942;748;319;320;380;379;
650;четырехугольник;4;64.1481;17.9507;14.2942;14.2942;749;320;321;381;380;
651;четырехугольник;3;75.3221;18.0665;16.6766;16.6766;750;321;322;382;381;
652;четырехугольник;3;75.3221;18.0665;16.6766;16.6766;751;322;323;383;382;
653;четырехугольник;4;64.1481;17.9507;14.2942;14.2942;752;323;324;384;383;
654;четырехугольник;4;64.1481;17.9507;14.2942;14.2942;753;324;325;385;384;
655;четырехугольник;4;64.1481;17.9507;14.2942;14.2942;754;325;326;386;385;
656;четырехугольник;4;64.1481;17.9507;14.2942;14.2942;755;326;327;387;386;
657;четырехугольник;4;64.1481;17.9507;14.2942;14.2942;756;327;328;388;387;
658;четырехугольник;4;64.1481;17.9507;14.2942;14.2942;757;328;329;389;388;
659;четырехугольник;4;64.1481;17.9507;14.2942;14.2942;758;329;330;390;389;
660;четырехугольник;4;64.1481;17.9507;14.2942;14.2942;759;330;331;391;390;
